ITERATION_DATA
~~~~~~~~~~~~~~~~~~~~~~~START-SORTING~~~~~~~~~~~~~~~~~~~~~~~~~~~~
OsorteradIBlock
---------START-STRUCTURE---------
ArrayList
"timeAddAll"	"timeSort"	"timeContains"	"timeGet"	"timeRemove"	"timeSize"
476594000	4075302416	26911250	318292	39733605916	391000
493460541	4090511666	27149458	355084	39049969000	187834
483092166	4233803333	27401000	336750	39056799292	203333
493770042	4281904917	27172750	317791	40842123208	192333
539294167	4384726875	28941250	304916	42009035750	192792
533936167	4265032625	27047417	323792	41292737084	242458
467483375	4176924250	28196417	394084	39107634542	207167
284166416	4101154125	26892042	317833	39082396000	190292
475066333	4082262458	29731708	362916	39003838958	185584
582538000	4146329625	27289167	320041	39526654833	210458
467844750	4227694584	27101375	314334	40518427959	233542
552109875	4279445583	28101625	375666	41442633792	203666
477115458	4236679667	27294292	327042	40699711833	228416
540070708	4358120750	27817375	310250	40981737125	203500
546758791	4308995125	27897875	330000	41148453208	191458
597838583	4649221667	30156667	341750	42534306417	203916
589191708	4544687042	29976666	319708	43374463542	200042
541444833	4385059750	28560959	327209	41931808917	197542
623125250	4709982625	29507292	337958	43797264333	213416
637808459	4856505416	31079458	333084	44671707083	209542
639760583	4703505958	29606375	327917	44624486916	211958
577167250	4956730042	31161042	345625	45274705875	210041
589550375	4891235416	31244458	343667	45079570041	210583
627799667	5041048000	31080000	356666	45091483958	213833
608073666	4769391791	30718583	344958	46012738750	207209
616629041	4769035959	31209916	385417	45722092708	248625
608575000	4824414625	30867542	344584	45441448084	214208
597834375	4855362458	32699625	370167	45857439041	209250
607785042	5138377166	32713125	361000	45787330834	217584
634848042	4909979916	30906958	435792	45756748000	210000
648096416	4923750625	31513125	345459	45674165125	219750
474402667	5013986875	29872083	390917	39712969542	208209
282624042	4079967584	27280209	323958	41005932041	189208
471585000	4117478084	28311334	332417	39249614875	196750
600043209	4397289959	27804542	304833	42161055875	190375
523824833	4186228250	27816250	327209	39307037750	186458
519475625	4521578541	27876125	306917	41207919916	208792
481929375	4115114375	27211875	336958	39397135125	213125
524775125	4323451917	27945917	322208	42043245958	197083
479065458	4328707250	27917625	324917	39198044292	189292
548049625	4375645167	28009083	313500	41532467208	187458
532025625	4435725334	29860166	324833	42444691417	202166
573274750	4554444250	29639375	328875	43464834125	199083
606555500	4789644541	30911084	353458	44672187875	216125
612569334	4933050250	31001166	356083	45088150667	219708
379025750	4793755500	31242083	344875	45256017500	212458
619377541	4813678125	30945500	364625	45289832541	205875
473302958	4293905875	27792333	344667	39372120750	192417
481694708	4248598250	27480500	320000	39053700166	183500
294620958	4252291125	27332375	589541	39154766917	203959
512455792	4116178916	27768459	365500	39261033042	207125
486109875	4144681208	27379000	328541	39551735625	182958
577189834	5042309458	48192500	501792	53004875500	253750
683563833	6941887500	35458000	599709	50700846625	306417
449179875	6468914625	38682709	502958	55241219000	234875
789466625	6118398292	34067833	435292	52289648416	222958
598020292	5102976209	32129375	743959	46263405833	210500
731172875	6023000583	42303625	750958	57807145917	234916
746241834	5608500833	36526459	485250	51215710500	277708
665680583	5727249875	36991833	452000	49893923292	245416
680650500	5100521125	31598917	363917	48383000041	220083
741121708	5446346333	34340875	476500	50723466542	212584
926828458	5682928500	34469125	408583	50815010458	236375
695232250	5184845708	44004708	572041	52467128500	215041
826159542	5843559500	35941292	487417	55034994708	240250
634118209	5069004042	31779666	345500	48662824625	221875
666925917	6106202625	43641417	508458	49240913125	237250
784949083	5443153209	34235958	491667	51082793333	211125
814591208	5454591000	38762167	612541	50184291208	270667
595603292	5078976083	33224709	403875	48002079458	198041
587310000	4622574083	30030792	330666	42941127708	210417
530409334	4553915209	28885917	319792	43423712125	241584
585194375	4660516292	30054375	330334	44229211250	230000
522446000	4147144667	26993375	319625	39675716958	185083
500053833	4314070250	27520958	354041	39959840083	222041
692109458	4745042500	30581042	341583	44048964041	199208
524882333	4661224542	30000375	357000	43449341458	195583
535062959	4972364584	31301458	376666	46262125833	208584
536166583	4788373125	29935750	338416	43246893000	192958
568688000	4763033000	30144666	326083	45196477833	254667
371944083	4672603208	30571583	333875	43955296500	220041
587087792	4743994833	29913916	331000	45479800458	205417
615412375	5037551375	30540292	335958	47388809041	204500
778870042	5026421916	29993791	356208	45139465417	306958
630166166	4952715375	31080708	639166	44945895417	200625
553821666	4691173166	30301834	341750	44143547459	245333
540860833	4626132167	30145792	338666	43373077083	197208
580600417	4705799500	29631625	329416	46618340292	221667
372751500	5461390125	33215250	421458	47688624250	240750
574387500	4569981792	29125708	352750	42935755000	197500
581294459	4964918292	31120542	341000	43677023708	200375
602558500	4696642875	32457750	351625	44033041041	258791
667981125	4682033000	30333458	361750	43725049375	211750
591316583	4667894791	30156083	328208	43887865542	202333
537266209	4558029000	30457000	339500	43460859750	203583
558463000	4702611625	31554875	351708	44131517000	199834
543471333	4347907667	29842417	327166	42254048333	197375
560916583	4978504250	31498000	331083	46999832750	197625
590520917	4931162083	30387083	344417	45095654917	204875
625116792	4807283916	31287292	328042	44114880833	212708
---------END-STRUCTURE---------

---------START-STRUCTURE---------
LinkedList
"timeAddAll"	"timeSort"	"timeContains"	"timeGet"	"timeRemove"	"timeSize"
645743000	4719348625	103775834	48492375	732991375	318125
686307292	4691757709	103748709	49280209	712034417	241292
795302417	4616958167	104054750	49870125	708348250	263500
624982417	4704975667	105281000	48562834	747624958	239125
730453042	5061463917	111777583	50892709	798638042	238959
783334125	4929894666	105420125	48694834	724877916	274500
651788959	4661180625	106873875	51131750	756755333	262500
674513292	4623036084	103801750	48199750	693604750	230875
701891833	4633231916	104869292	55062292	740326250	265500
777676042	5200075042	104042792	48560083	699192792	240333
648496708	4631173084	103636416	48625375	735380791	266709
685250167	4974320875	107389583	50427125	773126333	263458
631461625	4652592375	103877167	48993208	734847791	274334
707019958	5045174292	107959375	50070334	756583916	266833
635958917	4926758041	107079708	50675625	748552291	247292
723586875	5266724791	115129166	53701250	806502416	220042
723111291	5194080125	114801667	53371958	781780125	254208
633953541	4641718333	111304500	50656084	751738334	243416
784075541	5425021417	115477041	53627916	792155250	267458
756730375	5544420333	119935625	54423750	819392042	241916
850477625	5838038167	117679291	53636458	809149625	232458
752197459	5538154000	119650000	55701459	854642167	226917
771120708	5554643917	121388791	55755459	839459584	237875
798531750	5822356417	119640666	56034625	858915875	280209
747332209	5642695250	119472584	55744083	852230208	246500
805415083	5658032583	119963625	56177792	854464667	295750
815615000	5629716959	123325875	55643500	837815833	235083
737395875	5656724666	126275375	58935042	871380250	249500
808399916	5655886375	132209125	58946958	877099958	239750
812434291	5779227833	120712541	57742250	842588792	254875
758528750	5721076875	123494042	56153542	873415250	235750
661724333	4682585291	114932792	53861959	846526917	279000
623508708	4739828666	104118833	48821958	739487750	235917
638020458	4660528042	106305917	48940166	721594250	238375
726679750	5242639875	108016125	50172250	785257333	246750
722832458	6152460250	103808333	49296750	798848958	236167
698850167	5035396416	110661416	50217459	776496458	260291
633616542	4633424750	103609791	50499166	690517292	263625
706601209	4999446125	107500834	50105250	807330292	276291
636250500	4629357791	105612709	48690416	697316000	240750
736603459	5187696625	108777917	50688458	780218042	237792
662389792	5105630917	114206000	52424042	766962208	222125
891748666	5395518875	114987500	53563000	787887834	248167
751013292	5450109292	119615334	55811958	830267250	236000
754369500	5736045333	120222042	57366167	801233292	280000
816623708	5517608125	119812333	56384500	864479084	258917
790307875	5696135916	121516375	55759333	857780583	272167
648648791	4644393292	106155583	49577958	777222500	232834
628630833	4655489667	103822500	48670667	685651875	265417
692844708	4754157208	106663666	49076791	704277042	267875
652596333	4792037709	104000791	49557333	748065833	269000
625709792	4709541833	106944958	48625000	735901833	251459
811399958	5774643500	169923084	68191916	905067750	284708
921736042	7022034333	136578791	67376209	974542916	329958
884635542	6612862542	148589917	72426542	1085786958	287334
1106669792	6803630417	131593542	63509666	980665458	278125
808741375	5651821625	122271833	56465833	891351500	260042
905330625	6700065708	148001458	70837042	1003012250	283542
916930917	6815084500	137382792	63357958	1014081833	313708
876814458	6317495375	137990083	64535500	1002607375	270958
825579416	6351935792	121433583	56086667	873849042	265791
818323125	6740945250	131735375	60465958	957836625	266959
808271167	6897292709	133257875	60677292	1041133208	295625
837669167	5987648042	177506708	84338041	1157506292	267542
1016159625	8132834833	136827167	63857958	985689875	341458
853573417	5844573250	121295083	56052042	882320833	275708
881470334	6225735208	150192333	66973042	953532083	293167
894445625	6430183208	130826792	60009833	939458250	262417
829615584	6928819500	147362333	69559083	1106484292	287167
802483916	5670648667	131548708	59406375	892895458	245417
717218875	5386119333	115122791	53568792	811532833	272833
698647458	5216611750	114211583	52038750	806457875	314875
743515625	5384874625	118796000	53752417	800543042	289333
652353583	4682625041	103500208	48561959	754919208	268375
656802833	4756571917	114783083	49894625	706213125	274500
735259916	5506070167	119914791	54396959	801807250	244583
734285125	5354880041	113301416	54411709	797247333	246125
754206333	5224716667	123571167	55652583	861635084	263292
689165875	5366649000	115417750	53740458	825914875	221500
777175458	5538626250	116620375	54054542	863313750	332708
719255416	5374085375	115455833	53765500	814517208	282292
756859291	5517828583	115041750	53467875	857648875	276375
824458416	5633069083	119025375	54027125	818553083	264167
805716709	5736984667	115435750	53691292	826772333	454292
832313959	5999165042	119929917	56326541	886704083	246500
732922375	5401366625	119850416	54712958	826750084	258625
826717083	5402632459	116237083	53882042	817100625	249541
740219708	5466891334	115315500	53884709	828568625	275208
824266292	5959420792	127639125	60779416	963010042	278208
772185500	5224270208	113176250	51980500	867052041	225750
710289250	5262798833	122227166	54180375	820801417	266333
787913792	5423335625	115750750	55899750	806253250	279042
719828708	5455886250	118332416	54886875	822534625	265834
737987917	5346561458	119656250	53935750	799578583	261000
735142584	5275006417	115941584	53799542	820429125	265667
836279125	5386495000	117281583	55705209	830279541	224625
659505208	4945787333	109129333	51984584	770237708	242667
744789500	5513271375	120897791	54265417	848845125	265416
796099042	5406052625	118155417	54749375	816578333	247042
893436583	5581878750	119771083	54843083	832905542	272083
---------END-STRUCTURE---------

---------START-STRUCTURE---------
TreeSet
"timeAddAll"	"timeContains"	"timeRemove"	"timeSize"
6740639791	1337750	5952630208	138500
7102397125	1337208	5961470792	129542
6835628041	1403084	5993496917	127583
7486719208	1513541	6608529625	149209
7144332250	1338791	6032924292	122792
6723809583	1434458	5988851458	143750
6760777875	1341041	5977129833	126750
7035281833	1374167	6010493666	125791
6966279708	1341042	5991674125	129541
8126668916	1370083	6245376750	125584
7212699875	1355709	6340786334	139208
7059791708	1389084	5950936875	131917
7146488291	1519125	6422379917	141125
6810463000	1356750	5981032416	125292
7207758250	1445709	6549464834	137791
7480464541	1503041	6726638750	143875
7348273417	1501834	6992883250	151709
7223492459	1442208	6660132959	147292
7544853042	1499333	6725779458	156625
7597609334	1566000	6853273208	151042
7495645583	1464583	6885296833	154375
7591305125	1739792	7076917333	153375
7408886875	1496167	7249439250	160625
7770067042	1474667	6972593709	164625
7710999458	1499500	6972320000	148500
7685729750	1503208	7239801333	155208
7724031500	1621583	7131797417	159708
7771242584	1675833	7129172750	164542
7804690875	1569875	7195296583	168042
7432850917	1504500	6881553208	156541
7765246417	1992167	7267756667	163875
7166329125	1512458	7418981000	162542
7117165583	1351917	6249814875	138584
7119820083	1330500	5963653042	136334
7063014459	1334333	6027235083	141042
7132615000	1341666	5949758792	123875
7286167125	1439458	6418229792	144084
7178889709	1341083	6064050792	134417
7225493500	1463041	6544967125	139250
7138644500	1357209	5980352292	148666
6937068125	1351709	5976663084	127083
7390485416	1494084	6767038500	144750
7746200209	1548666	7158786917	155375
7702752208	1487875	7027183334	158583
7886294750	1554167	7088968875	157583
7793818209	1498292	6902295000	153041
7754652250	2259375	7563867125	127417
6826909375	1355084	6003238916	126500
6880390042	1383500	6014074583	121000
7003406458	1352083	6023975459	131125
6820678500	1346250	6028168958	121708
7301135625	1355917	6190983791	134375
7754672375	1717250	7012060750	141583
7828034083	1499417	7050659250	154417
9902189416	1682584	8651233791	179625
7679527083	1656917	6926793542	144792
7294381708	1449208	8110555792	174458
8020220666	1564541	7659506708	154708
8523728584	1560333	7158906167	155209
7408753416	1451500	7417317208	152042
7522081208	1563000	6756114083	153500
8190844708	1490917	7341059750	142666
8065959167	1687416	7239879458	157334
7948069708	1539625	7465819542	156208
7860040584	1558958	7019668750	147416
7816252291	1855667	7175356708	158000
8134076791	2018375	6903171708	158500
8006145167	1847875	7859655667	157583
7784071292	1496542	7234468541	186458
7104583708	1492084	6907052083	138125
6980483625	1337292	5934591959	134000
7113902500	1394416	6362757417	135459
7371641625	1363250	10414711834	139375
6687243417	1354167	6273098333	125375
7286538084	1377750	6179139125	119041
7013518625	1347959	5980061333	124917
7032781416	1381667	5977313084	130250
7658094417	1459459	6419934542	140625
7326948875	1433750	6441434042	129417
7278334541	1396459	6364447584	134250
7439893083	1506292	6750105667	144708
7188772750	1422542	6403776750	145500
7262965083	1478917	6487669125	170292
7236586209	1455375	6433407125	141375
7365315834	1442209	6428433791	141792
7199191041	1458750	6385549250	143292
7307370750	1459291	6402058584	145958
8105743916	1808042	6878325041	147625
7013821041	1527750	5950618750	132292
7193691834	1388958	6390625417	141875
7138421709	1467167	6563348209	137375
7057182917	1455542	6605944958	136125
7181557208	1397750	6329673750	136250
6975240042	1365667	6225637708	134750
7234513583	1365167	6327916375	135708
7266315167	1432916	6331754750	137625
7232930959	1443084	6702415417	136542
7313814375	1422459	6349523125	140792
8118661000	1613542	6843403792	139542
7328135750	1412083	6747426291	140583
---------END-STRUCTURE---------

---------START-STRUCTURE---------
HashSet
"timeAddAll"	"timeContains"	"timeRemove"	"timeSize"
989741292	605042	1710680583	150334
932545291	600667	1561443542	155792
977928542	625000	1723518250	155291
1087756042	687917	1703430500	166542
1004201917	690875	1602024250	159709
964312334	869917	1603168084	150708
924688458	606875	1616879042	148041
949521583	615333	1532164417	165417
978978833	607292	1532254042	158375
1012628583	920250	1537250625	173333
990695708	621875	1805391625	190417
979530417	607250	1550959667	156583
1002211667	616041	1748916917	156500
995110042	608042	1684797084	162209
1060410792	648541	1712893000	170542
1067171833	681917	1860561417	161375
1093450750	675042	1821293000	191292
993190833	666417	1735034583	171375
1111159958	686000	1757933250	168417
1165562833	728208	1833435500	166792
1039836000	654417	1849455875	171417
1124092958	914666	1862040833	176833
1130336875	683917	2164924458	185625
1145556500	665125	1883633042	184583
1111793833	669250	1859783458	175959
1107733500	952167	1907143625	171417
1152458875	725500	1880937750	181791
1138444792	762709	1877994709	187125
1140999000	721000	2053325084	179708
1140279167	681250	1835127500	168417
1353701709	1028750	1909168042	178000
998807375	815917	1748556750	154083
950530417	599959	1666119667	165583
994549583	594333	1639896000	151166
992657583	609375	1782668917	162166
994981709	608083	1508412500	147833
979519208	652000	1709341458	182375
991982084	603958	1647853625	159708
1033165625	641167	1702794708	156708
963897417	605333	1797591708	173375
968102792	604750	1619906375	159000
1067626083	677542	1797991208	168708
1158087916	716250	1957835542	189084
1119683375	667083	1826912541	182708
1091056917	717083	1850938708	167625
1070669042	668291	1906776458	178208
1135233083	1118792	1614665292	148041
992712875	609417	1535578167	154583
995591125	618167	1515787958	158916
1017123292	616209	1567751208	148416
981877750	612708	1542632334	153833
1003932041	608500	1552229417	166584
1214766541	1710083	1879329750	171084
1163676333	1252084	2059617250	202000
1347018875	835458	2432494292	203792
1207213625	937750	1818664500	168166
1046139125	656542	2258845208	179958
1109772042	682334	2390379667	168958
1134375416	725750	1940539375	169958
1125135084	682291	1983359000	195333
1125763167	713416	1887362917	169250
1083080834	707750	1838307000	167875
1290090417	811667	2065362333	182750
1127943917	689333	2177086708	174209
1170204459	701375	1968357833	165083
1134351000	923125	2177346458	222792
1147071708	934042	1802156833	180166
1353923708	1229375	2085892541	183583
1164631917	676000	2225999458	181792
1016155042	672458	1837480584	159041
950338500	618959	1543610166	150166
1068282750	690958	1663927250	157417
985147708	612833	1659877500	148875
987747250	610500	1689366208	178958
996072959	1038041	1592127084	154375
1001545667	606333	1666768792	162042
1011749875	627167	1603372375	146958
1064658875	645666	1721143042	163042
1080702042	656750	1659239000	151125
1079014792	640708	1629398625	157334
1149442250	676541	1841520125	156084
1056221750	647541	1978987250	173084
1020303000	664917	1653956042	177250
1082194666	650583	1712038208	166291
1060241750	651542	1755949000	163333
1070061834	658792	1661860709	163375
998894333	675709	1686439500	155875
1174535500	775875	1859209167	160250
992832417	833708	1577829708	160208
1063074291	634750	1812371041	158334
1068024208	649083	1692715875	153792
1060370625	658417	1634006708	156208
1047898084	630625	1792584125	159834
1004845125	609084	1672342792	160750
1038903208	616500	1715532750	159583
1068858208	648958	1682997666	160750
1094499125	666833	1709247208	154833
1052594750	637125	1825856625	152750
1238629083	738750	1803581458	155625
1048335041	627792	1737032417	167083
---------END-STRUCTURE---------

~~~~~~~~~~~~~~~~~~~~~~~END-SORTING~~~~~~~~~~~~~~~~~~~~~~~~~~~~

~~~~~~~~~~~~~~~~~~~~~~~START-SORTING~~~~~~~~~~~~~~~~~~~~~~~~~~~~
Osorterad
---------START-STRUCTURE---------
ArrayList
"timeAddAll"	"timeSort"	"timeContains"	"timeGet"	"timeRemove"	"timeSize"
288935833	9644233292	18505708	210667	39096206750	33417
289163041	9670566542	18502417	208625	39336493792	34333
292976458	9837128334	18357125	211458	38952158375	34042
295978584	9783699458	18704875	210167	41353351833	34709
311050584	10881989250	19399000	215791	41683796833	39291
328356959	10397352750	18782333	211125	43229289708	33500
288908500	9716741042	18731917	210458	39192866167	33125
266792333	9563618708	18383916	210584	38946133125	36292
289688667	10029157833	18568959	208875	40329630917	48791
312338750	11302618333	18537292	208708	39685044375	34792
294995208	9851413875	18643083	224084	39289225209	33416
322679000	10451678250	19408375	215708	42137265291	47208
290888208	9680588417	18606792	208959	38882773625	34292
313679417	10277790166	18732667	206292	41273332000	33875
315300834	10545288834	20123750	216375	41964634708	35083
318532250	11195597333	20877291	234625	43036123125	36041
328901334	11056565208	21040417	222083	43690258417	36833
323077500	10801754375	20784292	222750	43019990916	36042
337221375	11216163959	20365125	223375	43684595208	37333
331875875	11312029916	21037792	232292	44260651125	37208
331638375	11164998000	21457083	233208	45301779500	36125
337022917	11613761250	21611166	232916	44820217291	42334
352175459	11126544625	21162042	231542	44957909041	37333
336280250	11916314834	21970541	246667	44617650291	37916
341138416	11698738958	20846250	233625	45969535792	38458
353866584	11609020166	21633208	249750	45334460250	38375
344868958	11753388375	21293833	230916	45932640167	39167
383714167	11585707792	20768625	231125	46048894250	38000
348974500	11724759750	22047750	230667	46208543458	37958
347013000	11963441333	21986583	243208	46243183875	38000
349044917	11729515375	21970375	247791	45774575292	38875
313082791	10634403042	19467959	209875	41556887541	34708
271561792	9699249375	18957500	211500	41070329500	34250
311245209	9850431417	18523750	211625	39378133375	40916
291015042	9706271250	19663458	498708	38982582417	33958
311055875	10512363875	19767042	215750	41122651750	33667
292273042	9844126833	18643917	210917	41655272542	34583
294626042	9701125667	18520917	211875	39185990792	35208
290248042	9686693667	18667917	208125	41493421042	34417
309841083	11613155667	18453916	215459	39218504417	34333
464972250	10710277583	20156125	223917	42086384334	33625
331689541	11143528250	20127042	224458	42995996708	36500
332539583	11108483292	20877958	236000	43791103750	38292
354229417	11304591125	20624834	234416	44425243916	39833
335437042	11752497958	21041042	232083	44962788833	42417
305591417	11488934542	21208500	230250	45423795084	37042
334087708	12037082333	22075334	244875	45216503958	38083
291480542	9836393791	19309208	219583	39133362875	33125
288685375	9843445708	18400208	211209	39112510500	34083
267581583	9874489625	18544042	208875	39020624666	33750
294660000	9738538500	18732667	212417	39501725458	36542
311391291	9736791125	18558875	208083	39638700416	45834
386833583	12293756750	21460583	237833	48730612959	38833
418340750	12600585459	20872417	235583	46825269250	37458
353655125	12873047125	22967416	725459	57013918875	47250
375376334	10848866167	21125875	328458	45703550750	35583
340871333	11308438250	19997625	225709	43940382833	36250
399594208	12268678834	25739333	263542	51831822458	38167
397630625	12686292708	23200625	247167	50341519125	39958
353559042	11338455333	22856833	236459	45068005542	39959
366864750	11716738250	20830417	236459	46951917167	39708
333648500	11734885250	25101167	251125	45698155333	39625
357781334	12089886166	22551375	247084	49772188375	42542
369537667	11826797458	22727958	236708	48237922375	37125
360936875	11736802500	21101458	239625	48026287708	39750
354656375	11408215875	21585417	237708	46346001291	36250
342859500	12385897708	21160500	235583	45931463291	39041
356664416	12218900042	21243875	237958	48635682334	46375
347873167	11832241375	22233125	237958	50147743791	39667
320492542	10488818500	20119000	225000	45068328125	39458
302711375	10168636375	19407209	212625	40820156000	35250
319825750	10589438750	19477833	229292	42915858625	40875
309402500	10064330667	18629625	209875	39317177708	34709
289556250	10557997500	19302875	212334	39890355459	47583
310721250	10363044041	20261458	221292	41668983166	33833
303983959	9999307000	19032834	210500	40554130500	35875
312430458	10278706709	18852083	207666	41407498708	33542
371347792	11145149625	20071417	215000	43542835666	40125
321493083	10489720375	19332833	215709	42306699625	34875
334590500	10517531500	20122625	216792	42528316250	35125
346889000	11384767333	19428792	215666	45619628583	37459
331254625	10647672084	20896500	228041	43406046125	36583
328097916	10655754875	19526917	215667	42738531708	39375
346682166	10912381917	20039334	225334	43626272333	34875
331036458	10916518458	23260375	446917	44416060167	43417
399868541	10588724000	19335375	210250	42377888458	34625
329134833	10506936792	18829375	207292	44197701167	35375
398778666	10705425666	20035000	214333	44742427042	40750
283649500	10464454250	18654375	209000	41414171208	34000
330144958	11224176000	20876042	223000	43047485792	34833
313230875	10880059542	19491750	217250	42210323125	36708
327950959	10383258791	19414041	213500	42690374875	34500
319826250	10771412375	19764708	214583	43090039958	35292
335835375	10466764000	19436875	226916	42289475250	34291
318736667	10324114333	19233208	210125	43033821541	45625
309362750	10526869791	20429334	223833	42073558416	48583
383182458	11048149042	20162208	224542	44747682458	36416
330444083	10888503167	20465500	218292	43858192334	38083
326906625	15884586625	22040792	251958	47233556458	39792
319746875	10678767000	19419958	215125	43173193750	35000
---------END-STRUCTURE---------

---------START-STRUCTURE---------
LinkedList
"timeAddAll"	"timeSort"	"timeContains"	"timeGet"	"timeRemove"	"timeSize"
511183541	10340366417	76947958	45705458	696725416	51083
489489584	10616674083	79641166	49487625	716053583	68583
490893042	10668495625	76762500	47675083	706280542	62291
507003292	10629956625	76080416	45611208	721590583	59500
514805166	11450448708	80851917	48757500	766104584	80708
520022583	11221052667	94036041	51620333	765700917	67458
495313917	10413065791	78005209	46065500	696579625	54417
490538000	10434020500	75875916	52474375	694288416	75792
494026125	12439491208	77995292	46242709	708055084	66625
516195958	10918691791	76091417	45644125	698490709	65875
497507959	10532209583	76065875	47827791	704482541	58625
519757125	10970891250	81682084	48760917	753768750	65333
543476875	10485654375	78322083	45906209	698871125	69625
532548750	11135496334	79573375	47039542	743285083	64208
515921167	11167060042	85793416	50122417	769499000	63167
530679667	11730053375	87419458	52599667	801918541	59958
551937167	11657949417	89253000	51783625	804230625	75375
537207875	11677209208	83905375	50318750	868135750	70333
553397250	12026550417	88297542	51351500	807786041	68500
552889166	11847030500	87297292	52393833	818283208	56458
543760708	12050575584	91882125	53188667	842932166	58917
559149167	12343957917	91579583	53086625	841722833	81375
564241375	12416147583	90015250	53306291	849655625	63917
558826041	12419989041	92422334	55445417	882111916	66500
559678166	12438889083	89633125	53819291	838155167	68625
565613708	12414957250	94516292	55681958	837020250	69917
570969541	12503749000	92680333	53722792	856607125	70333
567232042	12315477375	89076542	52466750	853130167	76000
564023959	12531963292	92024708	55017417	840544292	66375
569701708	12516697917	91664333	55283500	858406000	62458
587582625	12514151959	92238708	55475167	845302292	61458
528556417	11370908875	80930542	48673458	803920333	60959
493254709	10540277541	77596500	46313541	701996125	69875
520840417	12055289208	76675083	47183625	722938417	59834
491975416	10535184542	76142667	52635458	753885625	116625
508986417	10893132083	81030958	48766291	760059209	69166
504434667	10592415000	82167917	50862625	733431958	67125
672884709	10636352375	76026167	51776042	698413833	68458
495676916	10578672750	76145708	45665958	697627458	64875
529723625	11297989917	76350291	45617792	790131750	69875
514018625	11358196833	87308042	50832792	770209792	75250
525651708	11685288250	85316542	50825375	800293250	60792
552662667	11807278583	87383250	59595709	834465250	81959
567390791	12212000750	87688375	52893416	842728958	72500
572621375	12366340375	87318667	52494667	842151917	71292
548435000	12313103709	89663084	52465584	832860458	58292
562015500	12610527916	93841625	55606125	896797834	58083
489876333	10541868334	79798875	47149666	746848209	54834
488698375	10511186625	77281833	45970792	698701250	57125
489958333	10828391667	76321708	45788333	710399000	55542
512476959	10596121625	77705375	45705500	695849792	67250
489402500	10687622167	76233333	45658625	708601667	58250
743192500	13919702375	88677666	57249083	863180042	58917
724489083	12543064667	92019542	54434292	885348834	61250
661270833	13660527791	98590833	65059666	1172812041	96375
769546875	11780214042	91898708	53334250	888109167	64542
541494583	11578111916	84218500	50439292	805349917	64375
630846000	12931890792	108839375	60814334	1006540459	74959
687872084	14023068042	108711000	66015709	944948958	66667
582490041	11980847083	88982959	52976959	812983625	62834
688513291	13711894708	88518084	53363667	894116375	65708
557322791	12509503542	94125916	56638875	880308083	77000
599541000	12302362958	99190041	56789291	917348250	83708
610319000	13321079333	92666208	54346333	861359250	65333
578197750	12296323958	88538542	53568292	810179083	75958
578765459	12466096417	90625625	53385750	1068976125	65417
599097750	12236301292	88356583	52884792	877022333	71167
629934500	13391144625	91576000	54428333	883546625	98875
619162667	12621176500	92888458	54282375	846325791	60834
534378709	11375718750	84539833	56216334	1167288041	103334
504078333	10947586959	80906209	48629500	747433459	78292
565444000	11589069542	82455667	48989917	805142959	58459
534753542	11055728833	79962291	45983417	750966667	70125
490884333	11124658291	82767459	51696166	723106041	54584
561008584	10890011084	85542541	48443334	761022583	87042
511297875	10951101792	79149208	46905083	739678500	102500
516858500	11111939083	80365083	47344041	780158542	70541
574303333	11926354208	84691500	50547625	781000833	258375
578452417	11491863125	85101125	52904375	787167583	66667
555596666	11610732292	83828625	49707875	774531042	63125
635021459	11933322334	82505167	48835292	788195416	86750
543546333	11343830708	85332625	51431625	903846584	96417
523831500	11689432458	81305125	48739292	772798875	59458
612060042	13560273583	83838333	50352791	830448417	60459
543401416	11878283625	93031333	55972292	924753875	63167
636073667	11499653417	81618000	48851333	775531084	57417
515340958	11448092667	79169333	47533417	758739208	105875
618708292	11718526791	84321667	49663917	801842667	68292
556916375	11456131250	80270292	47471875	777448500	65625
1017599792	13120912041	86726667	50722792	938050250	57000
526419958	11650572250	82483959	49339542	788482125	65625
569049375	11603528375	83652458	48847500	770400625	58709
527044459	12085354417	81705000	48801333	777321000	70875
521061084	11169417375	81556708	49549167	782820791	60792
516548750	11262185375	81208916	48367833	754861000	67167
521664416	11233624125	83167875	50565292	788274333	64083
671737792	12063647667	83799584	50481042	812264875	64500
536885709	11765331958	81690583	50296459	812629875	75208
546127250	12401255458	109083167	59045791	1312977875	75166
567279416	12200891375	82609459	48619542	768561125	69334
---------END-STRUCTURE---------

---------START-STRUCTURE---------
TreeSet
"timeAddAll"	"timeContains"	"timeRemove"	"timeSize"
8707350292	937666	9759882125	34042
8734452167	944959	9841772083	29083
8675254333	926292	9819316042	29167
9109277541	1002500	10424964625	37375
9265849625	1032750	10602501125	30125
8733973584	906500	9724712375	39084
8678147875	908042	9801030292	38292
8696959916	904750	9837318917	29167
8683583375	925958	10452204500	29083
8715849875	902875	9801004792	38916
9215644500	998792	10402962792	30125
8830596750	941084	9909112750	29083
8895702875	1036875	10620041667	35667
8752987250	904042	9780712667	38541
9310343292	1053041	10737253416	36333
9850495792	1102791	10870797917	42666
8909526000	902125	9829964000	29084
9579290333	1114625	11029654833	39084
9696895667	1113792	11152588458	40209
9997097083	1106042	11145058917	40042
10130063791	1092167	11476967542	41208
10111129792	1075250	11495528167	38750
10193969750	1175958	11480665584	34208
10174375292	1107375	11566747750	42666
10111387833	1157125	11759484000	36417
10261548083	1166125	11724117458	40791
10260160792	1196958	11525472416	40583
10115035667	1160708	11680480792	34250
10101339417	1095167	11842104750	42709
10322159416	1170208	11471968500	34375
8778304625	898666	9828364959	29083
8726485625	941000	9783028333	38708
10408185041	921292	10016264208	38791
8842937708	949458	10091912417	40000
9142433250	1067250	10184713542	37834
9188288250	1004250	10033425292	36250
8890386625	902583	9814005666	28958
9106299875	975167	10386099875	35542
9171862250	1005250	11307192458	29084
9075247000	1058292	10500298750	50500
9840717416	1036917	10471204792	36708
9652230083	1103708	10831184666	39792
9995862834	1102167	11046680291	32500
9914435250	1095875	11335726042	40375
9940175667	1163250	11529306208	43417
9945681083	1087541	11595386958	40959
8749134125	913500	9781433791	29125
8682394000	938959	9769427667	38375
8869715083	961834	9770221833	41625
8728166625	982541	9793630042	36083
8778363459	920209	9734363375	41917
9866325500	1264209	11117565958	52917
10514854916	1097625	12658607166	46750
11374436125	1529833	13016982000	42667
13544462750	1241666	16476355834	49833
9594985334	1293709	11452947791	32541
11188169291	1187000	12508527917	39750
11469093834	1243916	12763632167	39708
11218522750	1157875	12373642458	45334
10379390709	1136250	12357816833	45875
9928733042	1038833	11408968042	38542
10093280291	1140875	11559471167	34083
10533688625	1105708	11634929833	44209
10853124625	1170709	13977224542	34250
10620619834	1195458	11543049209	41625
10724168458	1087500	12040481500	34250
10761818875	1171375	12439171625	52167
10665813583	1260083	13176720750	50042
12483421125	1320041	11362839334	40792
9487460625	1040666	10939930833	45500
9023304000	987834	10381600792	40125
9329609834	1025459	10768674792	32500
8770957083	907334	9821497458	38500
9237270167	942917	9851763208	37500
9197971459	1257542	11513578666	32583
9128052750	1060417	10398275750	36750
9171772958	1015500	10547388333	61000
9327400500	992042	10579318542	41458
9965282541	1071250	10739322667	38417
9493376125	1055292	11026679958	32541
9634655583	1092333	11025273292	32458
9369538584	1040167	10749411250	41167
9538984375	1063125	10771305125	32875
10534746875	1305333	11773754625	46708
9540175167	1036208	11051720083	32375
9403322083	1024125	10929546375	32666
9668790416	1042125	10926968959	38750
10376145375	1112791	11626201208	36166
9244325458	1040167	10524553042	37541
9630178333	1093292	10796408708	41291
9607759000	1062041	10879763666	32625
9468800125	1060250	11185179375	32625
9466882084	1035917	10705551458	32458
9341792625	1022500	10543365167	37375
9468555666	1041583	10732067750	38208
9268961459	998833	10355935334	30000
9721571125	1097916	11002292917	41834
9513983416	1092167	10813167167	42667
11275191959	1162916	11264053541	34458
9331921250	1037750	10807555375	31125
---------END-STRUCTURE---------

---------START-STRUCTURE---------
HashSet
"timeAddAll"	"timeContains"	"timeRemove"	"timeSize"
948207416	109584	1704606917	24625
928412208	124833	1655818500	24500
938813875	117625	1715844041	24500
1024079000	126792	1772080125	26583
1069707500	131625	1797332375	32917
793455375	124958	1701106875	29542
941244417	127792	1713989250	25083
946247792	122750	1607156791	24542
933158541	118667	2133662833	24583
927927417	122625	1604464250	29083
1026894458	131625	1831677834	31167
946561625	112084	1627035541	24500
1021155666	131667	1737209375	25500
925171042	124167	1731859167	24875
892291750	125625	1783683542	26250
1089587500	131875	1865387375	27500
804788583	121875	1610476958	24417
1098309375	143000	1819363209	27500
1159929459	129000	1913277667	29209
1070291375	132625	1914400250	28833
1121901167	139791	1903680208	28917
970516875	138792	1421561500	27667
991328375	139583	2045555917	28833
1119688500	130709	1900235500	30583
1139043708	146708	1946440625	37333
1130319417	140875	1929502875	29500
1123434250	154917	1887424833	28917
1183773333	139791	1899130500	35541
1124521000	128416	2059557959	30709
1017622125	139459	1940657875	35250
928324333	121417	1609282958	24500
908102417	125875	1617802625	24875
881471292	115500	1622455291	25292
942823417	147042	1851707583	26459
1015925542	137000	1817268542	28916
858900583	123959	1713750708	25667
927525917	123500	1638014666	24458
1008438708	115917	1698648792	25417
1017667292	119583	1822497125	24584
1014321625	146792	1863373292	26500
910037125	132625	1817156166	25625
928344792	131792	1876270917	28959
1131507167	138083	1979445125	27375
938288583	138500	1902208625	28833
1119997791	140084	1850353208	28958
1123217416	138417	1993759166	28917
927296167	117208	1623603459	24459
798798333	109291	1610940750	24917
957684167	122584	1639175875	25375
937958125	122250	1646331666	25417
973885584	125166	1618124958	24625
1183036042	146792	1979742708	26291
1042591000	132583	2362889959	32833
1754282208	173500	2215236334	30625
1795681916	160667	2068700042	35625
1197584458	161500	1844829167	27333
1296468042	150709	2397930000	30583
1290099041	168042	2200543792	32708
1220508500	140459	2131370708	30709
1136043583	140750	2128666250	27375
1095424625	136292	1992174625	27500
1129361417	136416	1996779667	28791
1180282833	132708	2108791167	28875
1178666833	143750	2086357542	28750
1146570375	150792	2078260666	28917
1158301584	139833	2098660500	28875
1096585750	152292	2246379625	30916
1239608625	160167	2076516833	28875
1320745667	167584	1913542750	28959
1046894125	126125	1888502542	26417
863910291	130250	1757501208	29834
904620750	125292	1885925666	27416
940410500	130917	1628148458	29167
820214209	157750	1716077708	24625
1124313916	342583	1839907333	27417
1000826750	131417	1825241000	26375
876557208	126792	1779983250	27208
1010156333	130875	1816892875	27458
1040109583	134459	1889249084	27500
1122627958	132958	1805568042	27375
1065436250	140500	2018670416	27416
915002208	132625	2059914083	29042
1053337583	135208	1875736708	27417
1301665667	178417	2126421583	27416
895909292	137125	1910245708	27375
1007657916	122750	1878715625	27375
1043203750	132667	1816578375	27417
1113089625	137875	2194294083	37708
1040172209	133042	1792265292	26375
1039626125	136084	1853987375	33333
919558125	125667	1871160542	27417
929910500	125333	1841792584	27333
897780292	133083	1880133042	33000
1002048042	128667	1798244833	26375
1043013542	132417	1813119000	27416
867122625	126292	1735849875	25375
1084874917	140292	1824912250	29500
1096681000	127750	1917558208	27417
1046046875	149958	1995837042	28833
917515834	131875	1797099542	26292
---------END-STRUCTURE---------

~~~~~~~~~~~~~~~~~~~~~~~END-SORTING~~~~~~~~~~~~~~~~~~~~~~~~~~~~

~~~~~~~~~~~~~~~~~~~~~~~START-SORTING~~~~~~~~~~~~~~~~~~~~~~~~~~~~
SorteradIBlock
---------START-STRUCTURE---------
ArrayList
"timeAddAll"	"timeSort"	"timeContains"	"timeGet"	"timeRemove"	"timeSize"
481766750	5568121959	18150291	43583	39096238416	166666
474509833	5546268750	17998542	44458	39076049292	168958
525282000	5500909834	18298875	43167	39021307417	168584
477585500	5557632916	18497084	56500	41243514083	166208
520368750	6065202292	20359166	49666	41940087041	178125
507911792	6026654583	19778083	46708	42095882041	181167
471759625	5569387875	18985875	54791	39019062875	162875
265019542	5458336250	17962833	43167	39042725292	160791
483719375	5487749625	18443292	43459	39031816208	165541
469673958	5626408000	18234667	57334	40906604375	165834
475025125	5850070625	19593000	44709	41607854042	181750
519491584	6154589458	19306375	61750	41632162291	172542
471361834	5497215166	18335875	49917	40072726958	169250
473551041	5510619459	20338584	57250	39813475333	178750
507715625	5930322708	19485959	46916	41793060417	178833
523809833	6237533333	20189875	48083	42657989667	178667
538987375	6245136958	19922875	52333	43113444917	170541
510782500	6050569167	19033000	54750	42523515292	180625
548878500	6425338042	20831875	48083	43419983917	177417
546613125	6398131500	21196083	49417	44489689417	187875
543877292	6432009417	21314250	49708	44712263084	186416
544634875	6541436209	20648667	50166	44939126958	2e+05
589728208	6584506083	20660208	49458	45348436375	198041
559864084	6684844708	22287458	55167	45167943458	186875
586304084	6548158792	21310500	61417	45629391875	183667
588647917	6633427625	21029209	50500	45880860916	197208
593777166	6659155458	20874292	60459	45790583750	184125
565422250	6609689875	21179250	51667	46006998958	186958
582509708	6729130916	21697250	64208	45534007917	187375
574836208	6597342709	21112583	49625	45671045458	194833
578588208	6682356000	21701917	50500	45798407959	188916
485832917	5514904000	18025333	43459	41405645500	170333
292473500	6035538625	19658959	47041	42072346292	164125
501483000	6043851625	19284500	47625	40806278292	163958
564142208	5607338541	18293042	52209	40096886750	169292
470683709	5567433417	18274500	57375	41117357417	166916
522296458	6812939042	20634792	61167	39559282459	177958
578340750	6036056750	18772708	44583	42201831417	165834
472935375	5555305625	18251208	63000	40403572417	166625
476874334	5756453042	19591250	58791	41142308666	171959
472997167	5530426750	18498042	47625	40919789291	169125
548400250	6151898667	20396583	78917	43139700666	176917
524174125	6319650042	21386416	55959	44499214042	178500
579616625	6424750834	21064000	49917	44916602458	188750
545373250	6591653959	22947917	80750	45176985000	189167
319278000	6699249209	20703875	49625	45375919917	189667
584633750	6508046125	21858666	71125	45536355083	184459
476885417	5501824292	18230416	41541	39127134292	169833
495885541	5591356583	18132875	43459	38988444667	165166
278184542	5598784541	17969708	43333	39003430458	166958
493948167	5599447250	17993833	43667	40189273584	165625
490965375	5587609167	18857459	57500	39228545625	166125
629486833	6723560834	41271334	80791	49538765292	195792
636786375	6832388583	22365834	65791	47743415917	220917
373661583	7308104166	24131459	74209	51123260959	453083
652600750	6778947583	20821583	67958	45023005416	210042
609093542	6480739209	20322375	52250	44370823083	173792
686491208	7306562541	22653625	57416	53394220875	202625
724914500	7009503250	22105542	60666	48915745542	193000
707751542	6785597792	21502625	61292	46784848375	186958
682157208	7085569000	24617500	67791	49050719000	232500
630954083	6760709292	31341917	70375	46842434875	184083
583521500	7002131083	23961000	63708	46823433583	186583
751854375	7019043292	23011500	83417	48312340709	193750
775020583	7028991541	22093750	66500	48224854750	204417
641077667	6770994916	22690333	77000	48744605708	184375
582721000	6631334958	23303375	61666	46176200583	181917
635927625	6753805125	21212875	73084	46708009292	194709
630444625	6697771417	21682416	60875	45646157875	195583
579201458	6211913417	20649958	54792	43096517958	169916
503623084	5899309166	19520125	42834	40839830125	168500
540758333	6104790667	19914208	60334	42798410250	186000
531662375	6131348333	20813417	64833	42987073667	175667
475287000	5478313584	18516750	47375	39573928500	163291
496105708	5762344875	18803583	52417	41275853250	163958
532768792	5962155875	19591792	44834	41370189792	168375
524267583	6018022208	19167584	71875	41386282958	172000
573026958	6751476500	20961083	56667	47252481333	176958
526919833	6025300000	19526458	48792	42111456750	173375
753071875	6472358500	20953875	47666	44053870375	177375
299968625	6177708291	20372958	46959	43279853958	231208
561069084	6428005833	20291916	48834	43152089250	174625
593929625	6473800625	20922750	59916	43787765833	171833
626197666	7214078250	21827959	70000	45680962042	195250
584424333	6245689375	21835459	54708	42552768625	170625
541937333	6217477750	20260167	56083	42760177458	337042
546000458	6211397792	20374334	46208	41953070042	174667
776686417	7150469458	22118250	76917	44551173917	176167
301255667	6139300125	19607375	46542	43298958333	175417
547462792	5981460709	19389375	46916	41936288584	178583
563400625	6030230625	19253292	46584	42442071000	172542
528068250	6260783083	20506709	55792	42197265125	178542
566142042	6325868208	20571625	47417	43130485458	182750
550317583	6118045625	19797875	46167	42369004041	176917
604552375	6084377917	20340667	49000	42306969042	172791
535608667	6173633458	20118833	56667	42494179542	174459
509933584	5997566167	20035292	48583	44722864625	206958
569415459	6440401667	20286375	71417	45928714333	184875
563207000	6265228625	20389458	48375	42948220625	172042
535406333	5940432084	19781834	47542	42273885084	181834
---------END-STRUCTURE---------

---------START-STRUCTURE---------
LinkedList
"timeAddAll"	"timeSort"	"timeContains"	"timeGet"	"timeRemove"	"timeSize"
1011910208	6888766750	76130000	47012708	726646709	195916
526889541	6128814958	75361375	45277417	708264708	185333
538669834	6245014166	75914750	48804542	739288583	204500
537623042	6336781000	75728291	45725958	735201583	192500
570411125	6730972500	85743167	50215667	772243875	198708
561562791	6650571208	82342792	50824833	789861000	227459
525074500	6148168292	76400875	46951375	684849250	230500
583721750	6168353125	75684834	45356625	697976542	194292
545002625	6130335375	75605542	45326875	740272000	213125
541853500	6239808083	75557666	45347625	694657625	210667
545093083	6448683500	78541500	46997250	778856208	208125
572483166	6688910083	81115083	48745917	781748834	214125
619580375	6120157250	76337708	46932791	725844083	211125
534743292	6127012000	78022875	47625417	719519334	225708
577417958	6637268625	83170958	48509375	786085250	200208
578108583	6945585167	83659958	50058417	762309250	214959
598623375	6879966208	84151792	50175209	838822791	202667
587594000	6643934708	82909500	48515833	839551667	196917
598534500	6952619084	87410000	51683208	835138208	203042
611392208	6996588709	87008500	52276416	852325625	199000
604312792	7070150208	87118333	52273375	849155791	207167
603316875	7197352542	89175250	52312667	868486834	206375
608560000	7293952167	87236000	52303250	880050292	222125
614926083	7162942416	91760167	53396500	878564375	218500
650933458	7232930000	87904792	56682667	884601750	222625
632665750	7391058750	90687583	52263750	926918417	216500
622526167	7587920833	87220708	53834792	844990000	210667
613100292	7222864417	87612125	52367000	879051958	220917
623270167	7491081875	91697083	55308334	891750333	208000
805883000	7298540417	87864417	52340791	840411291	217917
614952791	7297827834	91871541	53795750	877771583	214334
550186625	6152993667	75612625	45312916	740148000	203167
592824417	6629164666	81139583	48403459	824943875	193500
565366334	6644196667	81226541	49275292	761451583	203584
551170708	6235749750	75715666	45648291	721195000	196791
540744750	6165679375	75486083	45487292	738437417	215208
551807250	6632123750	83685916	48908000	783130041	201584
584052000	6842734791	79378583	46846334	777095958	200084
540396125	6183162084	75293375	46297667	735065500	221000
562217458	6220170875	79793958	46916042	769208792	185209
529640208	6140437250	75862292	45181667	721972959	213083
596292709	6695597166	83562250	50093333	759629000	212916
573509209	6895710875	87407917	51280333	836800458	214500
628078791	7293923791	87233291	52352791	858599666	214583
633987917	7152251208	92609542	56675916	891955666	222750
631097125	7312103166	87097583	52263333	814488583	215542
638175833	7278260708	91768417	56378875	878503917	206083
528869167	6151148333	75248042	45163875	780585292	190666
564757459	6188029375	75287500	45173291	688394125	198542
539876750	6209169959	75641000	45194292	727496416	195000
527539042	6286674000	76922916	45681000	750296291	246834
527739958	6209317500	75312666	45155125	731152834	204375
756447875	7746175750	117296042	74272834	1250388125	217916
702544084	7834240584	93223500	54226625	919056792	258500
723766542	8653756417	100259542	60150625	929619583	242292
676727291	7768927875	88195750	52854750	862703541	254500
637345250	7126651625	84378375	50364792	846278459	220209
773650250	8744314125	94368042	55628417	1028109292	224750
703662292	8051788458	93414042	56035750	998917542	223792
656118500	7634748292	90284334	52731209	920350750	216666
729069666	8022245792	93005458	56628584	924151833	283792
661697167	7663042959	97663000	59292375	933056000	217166
663226458	7673917875	98476541	58502542	926596375	226667
779088167	8018838167	92349958	57607083	957839209	228958
870867166	8427645709	96246708	56722583	905184000	217750
672136625	7776313000	89320459	54984542	1009506375	258916
646429709	7238934792	89069500	52881625	875692125	227541
666961834	7617004000	89430542	54856291	884135459	216709
677429042	7562719750	87976334	52628875	837016792	249541
584604833	7354635333	86100750	50453583	826144417	209791
561121334	6588164375	80777792	47722416	784161000	209292
611621750	6914791833	83507917	50531541	807660958	207792
637315750	6860650459	84596167	53144792	818208542	205375
529794084	6232492167	76137584	45680959	719814209	203709
527078333	6349368375	76654000	45917000	737761625	193708
643633792	6682095500	80556041	47034000	802219208	195334
567786042	6646770167	80978500	49987792	794095834	199583
720783125	7396703084	88520750	51714084	858619500	219542
576040791	6716679167	82081334	48523958	775415458	184542
746248084	7616173417	84250459	50404417	821026292	206375
595022125	6875709542	83740750	49137458	804485083	231166
640630584	7141629500	89041542	50540166	842467208	204500
604677666	7278643166	87491667	50403125	906925625	214542
704479042	7331050666	90409500	60308333	896350250	244625
605885041	6950330583	87685166	51570375	799066208	183917
593859083	6829666250	83648209	50150459	807473416	254959
580551167	6872094917	84243542	53446042	804295583	192583
931398625	8191162833	94183125	55073625	906452167	206708
602114000	7062237917	83518333	48482625	838045083	257542
578984041	6809809959	84230083	48689208	814123833	205250
595014791	6737251291	82395917	48557250	774697125	200792
616702500	6896247959	84662042	50327625	810448333	210584
591042833	7027292875	83563500	49311375	807123291	220125
717999875	6841210208	83577125	49284708	816384833	214958
586012166	6907606750	86657083	50326541	805557041	218041
588775833	6976839666	83732375	50938625	818072916	202750
559130375	6728284166	80854459	48422292	782716666	245333
674409417	7289358750	84435792	53202291	862958167	205542
606126667	7054265250	84009917	50265667	816790959	191083
600281000	6784268958	82847042	48597833	833738875	230292
---------END-STRUCTURE---------

---------START-STRUCTURE---------
TreeSet
"timeAddAll"	"timeContains"	"timeRemove"	"timeSize"
8738821792	1054500	9948873709	151000
8742418000	1055083	9922285625	143333
8575643125	1066625	9943718917	153041
9313160750	1141417	10645029292	150958
8720705209	1048583	10028491208	144375
8556915500	1050917	10019848125	144208
8725847417	1058167	10052796000	147625
8734624208	1064583	9946549000	144833
8766412000	1061667	10072917000	146125
8862346875	1070083	10034575584	163708
9208827125	1092917	10449970583	150250
8736439375	1068375	11279518959	172167
9397087541	1084083	10084816291	138958
8832347125	1063084	9956967166	141875
9218208625	1177292	10896112000	155083
9601957291	1165875	11306895667	160625
10904260167	1074417	10701249417	151083
9686625083	1168292	11051933375	157667
9791022125	1184375	11327928666	162333
10091369458	1240834	11620512208	156666
10050930667	1236542	11624799583	164166
10368783208	1319958	11665495917	163416
9971718084	1252708	11497640250	153292
10396014333	1317458	11821864917	168125
10738534250	1318500	11732616625	169875
10322986708	1324417	11841903541	182334
10334313500	1225750	11669772708	162166
10341903375	1247458	11767030500	164583
10454705500	1326333	11813708333	170083
10448859708	1334041	11949483167	164458
10982887667	1603375	10661940125	161250
9092576875	1065833	9994653625	145000
9524287750	1279125	10833514750	148583
9161196292	1194375	10901782083	151542
9574726709	1086500	10510384375	143042
8871681750	1069500	10176777958	153584
9458670417	1135166	12115805375	155625
9135302416	1101416	10435902666	146333
9293519084	1108000	10499465083	149792
9102702834	1132917	10910716042	143625
8601634500	1060959	10148013208	162292
9485749875	1352625	11086994333	158209
10183858333	1170000	11076554208	165875
9818855583	1239875	11601003125	161042
10037171833	1173625	11268618667	155333
10132086875	1169583	11446538709	160750
8853164584	1050042	10017489083	144667
8717912125	1052416	9989796667	145667
8700525750	1049959	9993728292	147792
8735642375	1070083	9941525083	149625
11090259292	1115000	10197109292	147541
10213505917	1093583	11686181375	150750
10268704541	1254458	12484964042	174667
10540582875	1265417	12226387291	176208
12233598166	1553250	15948772917	185333
10050304375	1187417	12030930250	164083
11037422667	1198625	13387013417	304500
13034267917	1943333	13317694167	178125
10325006708	1244916	12732164208	180083
9854714333	1557333	11621748625	161083
10074967791	1241542	11793289083	156167
10432734542	1248500	12168459000	163875
10904025125	1311292	11887263125	159416
10181274708	1243833	11898917958	156167
10435716125	1250041	11911200708	162750
11001077041	1518708	12856417584	221417
9810997166	1182917	11727937542	255250
10650973250	1330500	12295264417	160333
11129855791	1320500	13342898667	203375
9807420709	1141167	11679102834	175500
8679277125	1119042	10522592292	148292
9165329875	1126750	10767754000	147750
8863460792	1066959	10285184000	145209
8825495792	1137167	10567912750	158542
9112100625	1108208	10635822416	152917
8837139375	1095792	10066548042	356000
8835732042	1096875	10470616666	148125
9346329042	1167834	10695572791	150459
9183752375	1132083	10866428417	147875
9230883375	1162542	10693594083	152333
9723515084	1238333	12182440209	213458
9370210250	1129583	10795999750	148541
9271911000	1149916	10676672125	155000
9085940709	1140750	11091606083	163333
9459420500	1269208	11021077375	160333
9304254375	1132750	10992494000	165792
9424391000	1138917	10950318416	151584
10788308042	1269792	13050895041	174958
8773217708	1098417	10672793208	147667
9234712791	1127708	10949354083	147500
9022263083	1181500	10662687750	153334
9135975667	1130750	10759810542	152959
9269325167	1187084	10792176500	148834
9116639166	1092375	10562429958	145250
9279121959	1137125	10812315542	153708
9283767542	1131709	11057053500	171458
9618862875	1265250	11279305875	148750
9319442875	1129750	10706914750	150750
9389161000	1406917	12167705333	501833
9227560125	1130834	10773433458	149167
---------END-STRUCTURE---------

---------START-STRUCTURE---------
HashSet
"timeAddAll"	"timeContains"	"timeRemove"	"timeSize"
958959500	1037500	1758811583	131166
951888000	662000	1736117542	133500
1001761083	663958	1790763375	134666
1017242167	690209	1800631666	139125
954449083	625291	1942461167	140125
955068375	730959	1784376709	137250
972391375	656583	1799530042	136458
964814375	633334	1704991625	129541
943472041	655833	1690988417	131333
983819750	704458	1718456916	133584
1031350250	684958	1891744208	131208
958575542	663916	1723038041	127458
1012391875	637125	1725220834	133625
954041375	624500	1810448000	127542
1053284375	687500	1848637667	141167
1022667167	701792	2017314750	148083
1457439000	685625	1731365417	127458
1073428208	693250	1875926666	146166
1069503875	1135542	1938096292	147000
1110403292	908125	1946532375	151291
1137490208	752542	1987711750	154458
1267154458	807000	1999390750	153625
1082759166	901500	2081378792	140375
1171782125	997917	2006518250	154500
1146482542	801292	1991602500	154416
1159143125	791792	2125563000	165875
1120468125	743209	2090515209	154208
1150530958	754459	1992861208	153833
1163010042	533833	2442708750	157208
1170586958	779458	2000245375	150584
2132042500	1823959	1715840083	136750
921379333	665625	1734473333	139541
1104646500	749875	1787380917	136000
1048146500	1003959	1916407500	141250
1004624125	673917	1919603209	138000
937477167	1263583	1856996042	149125
1064226250	692958	1820701708	130084
1023202500	664417	1806114958	140542
1025157042	670334	1804407750	156833
1063901166	666875	1878874041	135792
916513667	627709	2038858417	159250
1153851916	843666	1891578500	146375
1080462625	718584	2004411458	154166
1125676792	758708	1944256875	146125
1117155583	715291	1918595791	147000
1098756083	709500	2019504208	148916
952652417	641625	1765213458	131333
945994500	1066250	1709849708	152500
965699709	650750	1714752833	131166
964542500	688458	1705112750	131625
1091622791	1100917	1782419708	133917
970928417	651708	2352467709	135917
1187912292	796041	2255035250	158917
1182292833	1250792	2103883083	167125
1386727375	2720084	2310548500	173333
1118884167	700750	2025527750	157917
1063165542	727625	3172962250	255417
1296646000	1189000	2222231500	167584
1116032459	724583	2272011375	153750
1043122459	5477708	2022322500	157333
1105960792	742958	2083636042	144666
1182149958	762542	2148577417	146750
1185054292	858500	2211839042	152041
1116533750	764291	2135498500	159542
1205275167	766959	2114166375	152959
1256915875	1136250	2278134291	157041
1062459000	722542	1978457875	293417
1226376083	904250	2196856917	199583
1238955167	814250	2589742708	163709
1037530333	659125	2364351250	147416
959736125	1864333	1793093375	138791
1029836666	705291	1893244750	143041
1086675583	627708	1740516208	129083
983323583	977875	1986009792	130333
1000143542	666875	1836982292	137208
961920667	663959	1866592792	137042
976506583	677250	1825254834	140667
1021651417	671000	1823222584	157125
1056084875	671417	1951683083	140875
1024331625	706416	1929085042	150875
1220797584	769000	2089890750	175417
1049684583	738792	1960664333	141042
1075709083	700792	1843806250	149792
1063013625	699500	1957819583	147125
1065135042	1399125	1940738666	156833
1010857292	668500	1883032209	140875
1058025291	699416	1902541417	141583
1218340000	854416	2124819542	156750
996809042	672791	1796403333	135917
1053880209	676541	1927173500	141167
1032738625	895250	1852161209	140833
1043937458	1105042	1844816708	146000
1083593666	727667	1935565333	140584
1014747334	646958	1821330334	135875
1043966916	686458	1850919375	140958
1024757041	690417	1929045208	153833
1082457166	716958	1930599625	141584
1039482334	686083	1935662000	168875
1185469750	898167	2353112708	175459
1019485375	669250	1892917625	136291
---------END-STRUCTURE---------

~~~~~~~~~~~~~~~~~~~~~~~END-SORTING~~~~~~~~~~~~~~~~~~~~~~~~~~~~

