3707
1109
5531
6031
3477
4070
392
6430
7597
3336
9606
2726
5508
1637
3741
5931
550
4703
6282
8528
9367
9940
8546
2978
3929
8768
3428
9070
5786
6320
1766
6672
4570
9246
5617
8329
4363
2094
2281
2636
6337
6788
3492
5989
7241
5775
7965
2774
6757
3558
9312
8896
3877
4830
8117
7850
1266
7589
330
7537
2771
3006
7736
4301
5987
8585
1848
1579
3770
9470
2766
5692
1799
5142
5059
4713
2639
102
1713
9489
7951
9769
7448
5297
1934
1049
8334
7999
7550
8122
466
3300
305
6867
5713
7043
8679
2474
7426
8553
2966
7194
4076
6707
6499
3892
4215
4039
9372
8527
4784
7072
2776
9037
7894
409
630
2252
6641
629
9778
8437
9394
5961
38
420
2245
6439
2061
2357
1060
8520
5618
3415
8533
3076
8904
3872
1620
5793
8003
7773
9051
4854
7507
8980
8573
1723
6080
88
434
5695
3553
8792
2412
5269
4055
7701
3609
5517
4806
6525
7489
1706
5524
7497
15
3253
5802
3151
157
7453
6664
9589
8152
9288
4388
2259
6578
1179
8594
7059
4454
3874
9936
3016
2630
7469
9240
1064
96
7464
1001
5704
7679
437
5487
5154
9342
5063
5438
6805
7063
3293
702
8474
9946
730
6320
8382
8393
8733
2735
9329
5856
8866
7746
5721
2610
2996
4014
4419
8590
6989
1528
1064
5216
2411
8615
4472
1524
4817
792
8982
4886
3079
6427
1344
6549
8287
5131
6025
629
1686
8827
9700
9220
7746
2204
4735
7396
7086
1835
7418
8087
7695
5623
962
6969
7010
896
9471
3303
9829
8091
5558
9453
2815
1586
8124
1741
6316
7144
6872
1468
1592
3818
3394
4774
3079
9841
6670
8290
7135
7764
2560
5520
4979
379
2683
7118
2798
8638
9018
4554
3624
9116
4617
6674
8695
6295
2513
9591
2628
4092
5374
32
8825
9120
8447
6555
2005
8934
7706
3662
2156
2862
1369
6156
3181
1351
8437
5443
4529
4741
7757
4321
7261
9678
1043
935
7588
4478
3683
454
1997
3210
2737
7286
940
7809
8910
4598
6271
5263
5751
8509
8039
4347
1594
5247
9073
1120
965
5467
1232
2409
2509
3553
7929
6
3527
1393
1531
6443
1671
3598
3129
7143
8707
5810
5173
9617
9971
7195
5594
7039
4040
2931
8566
2657
8198
6141
546
8826
5151
6731
4736
7694
7981
2461
4480
1431
2987
8916
6175
2098
9361
9092
5532
7622
8410
5688
1096
8117
9523
4351
4666
6106
8947
292
6684
610
7009
5051
693
4264
8295
7863
3859
5961
3233
6345
4821
3910
9746
2803
4067
4487
9795
8075
795
9900
2520
9147
4569
4751
1650
485
7138
4533
5578
7011
717
4068
5936
3228
6269
7294
8289
9315
815
2460
7582
7930
5789
5382
5775
2628
9181
7358
1027
9591
922
5420
5186
7792
6573
1412
1026
5505
9607
1252
4882
2037
4493
1993
4247
6612
8720
6402
448
3122
5159
7900
2792
6274
4748
204
7463
6329
8977
7771
7365
2157
7565
7131
7053
8587
2262
2568
6665
7015
4460
1386
2064
2414
5920
4231
7529
1128
5119
5397
3066
8810
768
8941
4449
1383
965
7531
8030
4247
2305
34
7900
3775
9127
4796
8859
6896
3146
4175
2795
4540
2598
908
7574
6898
6906
9761
842
4635
3441
4557
9041
4429
1308
7331
6239
2557
4253
6888
7768
4817
2146
5495
1564
6563
3357
1188
5553
5570
7724
1198
6378
3939
4201
8701
9289
4597
5248
8074
2014
3457
7736
7326
6107
5632
4272
3971
566
3382
6088
4759
5689
925
4057
2718
5946
1709
5106
7335
1794
2982
656
9207
5549
6544
6665
9362
8205
5306
1509
5496
5834
4751
2233
507
4074
7990
7969
9855
3017
3304
5161
5531
3589
4141
1337
8236
3321
927
4043
2296
1748
2512
4858
2703
9013
5784
457
1518
7206
8646
7053
3806
7570
3447
1703
841
4323
3701
6130
6412
7644
167
949
760
5168
5974
8742
2963
6926
4479
364
1051
7562
6388
3199
347
2856
4061
5918
1478
4167
173
4236
9215
5496
6799
3447
8843
6314
8015
71
959
1620
7701
6304
5491
4734
6188
2788
1080
5388
8512
1272
2453
9175
6518
2993
5021
2906
646
683
637
1782
8179
5990
4593
9107
9035
4605
2550
931
6281
356
6954
8004
3048
765
3840
7443
7186
9655
1871
4567
727
9108
6106
5777
1433
1046
7163
8014
9812
629
2680
6310
3003
6623
4743
4564
1725
3917
6766
722
9895
477
3027
2353
2739
9121
5282
9122
878
7108
2141
3092
9014
372
7549
7642
3874
3377
5751
2552
2829
752
890
346
3258
5660
3989
4897
2507
6922
3157
3451
8268
8151
1388
2030
1546
5408
4669
4801
3490
1181
5364
5302
6660
8028
8723
9496
2725
1718
5142
893
8308
3087
1736
7096
2804
191
5999
4734
3976
1960
3026
1602
654
6996
6779
7471
7090
4861
3079
9650
7331
6888
5753
9650
2274
6591
9439
5325
54
7529
8749
5440
2749
9976
4790
674
2877
270
4025
589
1065
6909
9159
8843
9391
2058
6690
4521
6365
1181
2257
6746
6036
8280
6481
8155
5349
625
2374
3646
8856
6430
2207
8533
5804
7196
8103
7789
5785
4572
2439
9477
1168
6715
8600
4201
6660
5708
1991
5759
1554
9172
5442
1837
3115
5233
9166
4149
2082
5768
9883
7999
9681
8266
1503
8033
8566
2450
5327
45
5643
989
8813
5767
5587
5319
5322
8738
9136
222
8956
9382
3410
4453
827
4927
8442
5943
9286
3653
5868
3414
9875
596
4179
7583
6131
1112
3742
2636
9235
6678
2440
9254
9871
5305
70
1076
4753
5336
3193
4260
759
8961
4755
3957
5059
6980
7238
3439
8379
6926
4424
3215
9857
1073
243
5283
5309
8204
8856
1199
6039
5212
1380
6729
4465
7087
2075
3863
8208
3696
2721
611
3067
2388
1416
9031
3019
3568
3347
3211
2995
8245
8872
7481
2746
409
5140
2441
179
2467
3225
8862
2462
7139
3667
7996
5831
8412
8088
1092
2827
1278
2093
2429
1803
3716
9877
145
346
3511
9460
3105
433
3021
8514
2566
3553
5234
1052
1653
2712
3857
3364
9582
92
9631
5400
5842
3573
4900
4944
7294
1416
5671
2433
5208
7853
3108
1311
3380
5890
8109
4479
5268
2296
2331
8506
154
8779
127
9421
5147
6000
4249
4877
9331
4118
1331
5080
5102
6815
5868
5671
730
9544
8445
1392
5479
3796
6169
8664
8535
9607
2789
9574
2936
5534
193
514
9307
4924
9363
2428
2176
9502
2591
1961
8080
3120
4309
9223
4263
601
1735
7586
8156
9041
1380
8944
7950
9476
3142
2967
8876
2286
1925
5038
5761
1413
5558
3456
4747
9575
9363
445
4118
7432
152
554
1914
5949
9143
7657
3550
8183
2329
4084
3911
8615
7698
4787
1137
9600
7488
7149
6280
1515
1471
9483
6323
2931
6091
39
2270
9856
7060
9315
3459
3041
7687
2759
7525
1426
8751
322
1736
1838
2631
4785
1632
45
7546
6366
8852
174
2569
3680
9790
7729
3145
1584
8835
5435
6678
9739
9450
8988
9656
2803
3994
6989
1
1377
5764
7010
3711
8469
8490
7808
9412
574
3930
4216
384
1205
7356
6017
1240
1475
3204
148
3589
658
8083
4049
6203
5697
8049
2783
5972
7570
4095
2432
8649
4653
2300
8402
1740
6423
4486
8018
7205
3214
4827
4476
4199
4443
7419
7117
7310
2154
2427
8201
1432
3301
5977
2424
669
3580
4439
7084
4588
481
4854
2430
5811
4912
849
950
3130
5852
6258
8616
3277
5269
2725
5371
8101
3397
3943
8902
3441
41
1866
2836
8390
749
2104
4646
1088
8832
785
1495
7092
4935
1156
8667
1716
7261
8102
1856
6813
728
3265
7047
49
2023
3436
7772
796
2727
9539
6624
101
9749
7875
7912
2035
7710
1764
8462
409
2370
7059
9461
960
3159
5995
2363
8639
8681
288
6087
3209
7375
7943
2305
2180
6281
229
9361
2449
3925
1203
4735
1757
3857
6651
5130
2483
2859
8962
8020
8859
8181
1937
2874
8483
7396
3953
274
4937
8935
3314
7661
7698
5332
5145
7500
26
702
2852
5166
7832
7299
827
247
6029
6290
1077
8909
4393
5401
2404
6172
4683
317
5342
2089
7091
6259
4265
52
8229
4571
1714
5462
7356
1420
1977
6410
4120
9370
1005
6168
8389
36
9744
7564
3722
5914
7414
5878
5723
4924
2688
8042
9643
5438
1887
6823
2882
4552
1415
1637
5095
281
4002
791
1834
4619
5149
464
1553
3249
3011
643
5596
5821
6292
8114
8983
7599
3650
6072
4364
280
7080
7810
6274
2989
6775
7047
8518
5430
8719
3545
2628
7814
3190
6852
4802
6037
6824
8899
681
1224
8123
2770
5809
8770
4589
8749
7768
4308
4988
3208
8015
8929
8322
8648
4482
796
7068
174
9601
3330
6853
468
959
3188
2643
6208
9526
3213
7166
3926
1253
3266
4024
5737
3016
7975
4558
6834
9010
7726
185
6793
4650
7066
1841
8448
7199
1138
943
1888
2712
1121
7134
9546
1421
4170
7341
2879
9612
2344
1747
5308
7449
3651
7024
4813
1061
7312
8571
3027
3273
7088
6653
480
7023
9400
5097
2478
4317
1280
4215
7855
4767
6133
1628
7008
145
4281
9416
9831
2934
3898
4699
9131
1879
4544
3796
2210
8363
5856
296
69
8703
6542
2892
7792
8851
5119
63
3590
1329
2604
7414
3554
5659
6770
2485
3480
2703
5191
6391
8265
2489
8855
379
9621
9669
5980
2171
8267
352
5324
3801
8188
9755
5308
7929
5854
4906
1747
6757
3004
3423
9865
9313
3211
4237
9886
8092
9671
6076
3879
47
1371
7865
1986
1717
5984
8087
1627
887
9965
3446
9064
2979
2861
4270
15
664
3790
72
5063
9105
5941
9689
8779
8315
9566
7452
8731
1285
6129
8955
877
6227
1761
8906
3057
7903
5119
6256
3778
9085
4683
9458
5367
7705
266
8750
4298
9055
3715
4209
688
2790
4995
6566
231
2858
2752
7419
5198
612
7963
8433
5053
5272
4302
2832
470
2524
1109
3124
3987
7600
2362
6137
2335
190
376
3742
1521
7312
8977
3145
7138
4360
5787
311
4688
8991
5525
7998
8171
9182
1879
6785
8652
4210
2519
8143
5670
1856
5192
2808
5780
4581
7373
6237
1522
904
9628
243
7592
6719
7005
4660
2305
7051
4817
8850
410
3201
2896
2008
5349
213
4411
2879
5229
4165
512
3610
6212
5375
3307
4543
2057
8320
1497
4627
565
2794
2168
688
4884
6097
9275
8709
9649
8675
2298
1707
5513
8754
949
783
2818
2879
8937
8272
2309
7764
5611
5127
6886
1133
3314
4606
9028
6164
5793
1215
9868
1433
2450
4602
7320
8714
3182
3586
8757
3525
2728
116
8418
5527
5593
3285
916
2959
2950
6040
6118
4468
3039
1288
6926
9583
6145
3656
3227
9831
7098
837
1098
8183
988
9780
4680
2494
1979
6317
2786
9987
320
7252
4856
3363
3072
4048
5152
7561
2231
649
2806
360
4814
6707
561
5912
5675
3345
3025
9498
3544
984
693
4442
9580
3538
2665
2080
4725
9948
9452
4883
9591
6604
5967
1611
5949
7026
7882
5473
6334
2457
9033
1397
5260
3242
1891
6363
8886
2126
9707
6068
7278
8254
8687
1860
8868
7737
6638
5141
7136
1281
1607
3512
1615
6018
7548
7603
3557
2736
7861
1579
2625
1356
2689
6527
5358
8018
1335
3886
9333
8306
9403
1383
3632
9802
8093
6347
9834
5628
8427
8641
3266
225
5830
1014
5454
3530
3090
4142
1563
2382
3142
1500
5395
3285
2052
3449
1800
6655
2643
9653
7260
546
6343
8375
1955
9055
5954
2514
9520
7072
4228
5831
1724
1360
1678
1201
9830
2502
7973
1345
9652
6896
6561
8406
5287
4952
2357
4120
5837
581
2537
9314
9375
9377
8851
8234
5595
1970
1300
1902
2444
7336
2606
7676
981
5218
5171
6701
5389
4925
2857
2896
7379
2154
8090
2895
2867
4122
7160
1136
5889
3080
9038
1482
5266
4148
5713
3026
9083
6472
7477
3537
3537
6152
2780
8643
5551
27
233
8463
8149
1168
1059
4894
8141
47
9781
2202
1674
9998
1714
8453
9129
492
534
3778
6185
9229
8951
8995
2583
5267
570
9217
4066
3061
4898
3282
2078
6815
3556
4682
6244
8981
6886
1824
5910
6549
4053
715
6239
936
1942
3802
3049
5669
4
7325
8713
3075
2360
595
836
1848
8423
5456
9909
4770
9653
5403
8199
7681
3639
5442
8796
704
6070
1466
80
8462
3504
2534
5128
6845
8264
7331
2484
6583
4461
703
3492
7223
5640
1796
5718
4331
8576
420
7517
692
4344
6162
477
8375
9735
9611
8899
8772
7288
5167
1202
688
536
5328
3400
673
9484
998
8383
6373
7781
5996
1551
47
8764
3418
5184
1664
9512
3744
1166
494
175
2988
3109
5795
6728
4617
5212
5797
7534
1524
8462
1357
6625
827
8339
1879
8823
5125
9325
309
4160
7000
8398
4223
2871
9627
2999
3083
7172
7688
8843
9829
9646
9165
9475
2507
2622
5776
4010
8472
1295
13
4536
7483
6945
4733
956
2643
4604
8420
5731
9593
9554
471
1237
4218
7757
441
9438
3583
4776
369
7658
5243
586
1561
4458
897
2092
8501
3379
1456
8156
1677
4773
5644
6378
6905
761
649
3904
4217
9396
3974
4558
350
3017
8452
5891
5176
74
2642
4264
189
590
3751
3110
9955
6782
5034
6984
8298
4330
4145
2331
1529
5625
3317
2657
6499
5357
9070
981
4758
1381
1200
8105
560
2300
3362
3964
7437
942
2599
1991
9778
1819
8874
7558
864
8596
5947
7588
1765
3123
2016
6159
3540
2007
7002
1962
4559
4252
5830
4897
2655
5097
3387
6247
5377
6323
3895
9084
92
31
2049
8746
1938
9749
1226
7375
8371
3184
6
869
1721
9570
7200
1868
9108
1076
3695
7865
8850
8442
6547
3799
8505
453
3067
4332
949
5410
6855
743
5449
9617
3493
4021
3219
1440
5691
6611
5809
869
736
4750
6170
9370
7286
8134
1755
3171
3751
33
8030
5019
8524
6636
2024
620
6020
1692
4512
6798
9735
7426
6231
4103
1528
4604
4216
2848
304
5769
8222
6696
4668
1365
7628
5009
9701
5026
1661
6472
2504
4519
3481
387
1106
5058
7584
8787
7562
2426
1110
4537
2395
4400
6475
7765
6924
8371
8310
8585
6333
3458
957
3468
7792
3532
9108
9866
3378
1859
7375
7881
8805
5567
4934
8374
9803
991
9620
1182
9137
9515
8828
2329
8821
3445
6745
6112
8678
3213
2543
6671
9239
1684
1875
3990
7119
3848
3172
9129
4240
6141
7349
311
5841
6301
7529
8024
6907
743
9737
7504
6604
4211
708
7840
796
4709
8324
2684
7354
352
5177
102
4225
7889
6036
3129
6364
5244
9410
5554
4323
965
6771
1753
1714
4581
9030
8861
2084
3020
7203
1149
6129
6053
7892
1972
7985
9557
913
6764
5452
77
9030
7874
3871
9808
2115
5434
397
1326
1457
393
128
7950
7052
7905
4042
6794
3745
1370
4077
7956
1269
7658
2578
743
3087
295
890
4600
9299
7348
7311
4459
1500
120
1990
2354
486
9868
1092
7360
5013
7282
6490
5932
5077
8467
686
7761
2271
5889
599
6386
9588
6859
7413
3355
7017
9567
5626
9554
1647
8969
6041
9901
2126
7290
5914
7453
9374
7396
5607
103
5538
353
7798
4388
1457
1604
34
8574
5106
8359
6520
2971
6563
5683
28
6582
6150
5470
9798
9800
3113
9311
4445
2070
481
1565
6077
8612
7154
1093
8760
4631
5996
9898
6615
7880
5029
8279
4570
2309
9392
9328
2132
4977
3336
9399
348
5260
7995
5434
2913
1005
1205
2201
4862
2443
7143
6901
2966
8427
3652
6404
4188
4
6040
4962
7761
782
9877
3009
9546
9561
3164
8609
6046
5722
3108
2570
281
9568
6730
3622
6000
2101
2694
2396
306
7344
4053
7655
3238
3543
424
4869
551
177
4073
779
745
9498
5893
966
342
9152
4490
620
9130
2858
5406
5601
9255
9928
8169
5461
5894
6677
513
459
5323
7529
7824
6789
9571
2539
9924
7867
5565
1860
4274
2202
8594
6590
104
425
8578
1228
3662
2678
6588
6851
4728
2079
7674
8806
587
2589
487
5423
441
6475
8286
4041
8091
7124
6032
8571
9978
2202
3330
3967
5689
211
6800
1600
2355
6158
562
257
2029
196
1210
8651
2727
6169
3510
8687
7588
977
6760
9705
355
3983
2335
21
5050
9465
1762
2235
7294
5575
7593
9558
8034
2522
5960
3763
3641
58
7193
8533
1177
2248
6517
1317
3838
7154
7758
4374
2248
5829
8956
6311
6691
6396
8818
6897
9329
2950
2892
10000
7094
4838
8312
1135
4159
932
9934
6828
2447
4465
797
1322
2408
2167
7443
8133
1730
383
2088
5793
3420
2364
9544
9547
1580
1749
6555
3009
9284
6753
3587
5693
4468
490
9681
2060
8293
4643
4181
2254
1849
5430
2464
6310
9261
1206
6439
1856
9207
4547
7239
3490
8594
9724
8431
1819
851
1823
8190
5673
7800
3052
3690
2967
4700
312
6874
7698
8233
2092
1377
6141
5562
3277
1735
3611
6684
4519
9686
2329
7985
4291
8078
9102
1760
9000
9557
8026
1756
413
5071
9196
5695
5949
773
9872
8835
5715
8709
7269
6014
7812
4374
1965
2999
5804
8679
2909
1497
5760
2515
8884
1923
4819
3058
281
1465
3444
3039
77
7099
6100
1921
4703
4639
3542
7977
3598
7389
7919
103
3529
1592
3325
6569
690
436
6068
9250
4818
7608
9267
338
5574
2962
3462
3159
1654
9281
9156
9152
8998
7203
2280
170
374
7483
9469
6249
4484
7422
8866
6677
465
8779
8493
558
5617
2132
9180
3869
172
6174
4646
4200
4018
3089
2432
514
5531
5772
2540
3405
3515
8280
6156
2700
661
3639
4900
7786
5735
5993
7357
1025
7059
6763
4182
6776
4733
9452
9077
1980
2736
6989
2588
8313
3548
4549
4886
7589
7818
2270
9056
3449
4336
528
2420
6445
4287
9175
8241
4815
4169
2387
7111
7504
817
2124
4446
5963
2395
8048
3494
898
5250
9163
5656
2087
3560
4322
1228
3221
7336
284
2516
600
9495
9789
4950
991
4745
1824
7047
8636
3968
6720
7458
7734
7376
3731
3671
9852
2029
5747
673
517
5238
443
1392
5096
3163
4827
7909
3797
9400
1992
1900
1567
9062
5427
3059
3143
6871
1780
3177
5894
2400
1907
3122
3798
6227
9890
7831
5550
8169
4042
6026
1352
2399
5825
8487
8416
1144
1861
9045
1291
8208
1208
604
3714
6304
1640
6849
8441
5917
937
6397
3216
7595
8369
3948
4742
751
271
5169
8277
5987
5689
678
4926
7522
9281
1632
658
9715
5924
4306
4554
9970
15
4152
8771
2809
1454
4276
6745
2703
5202
4038
31
7367
1149
8291
5481
4377
1837
9224
8614
973
2259
6296
6557
6627
6656
4033
3090
9392
5243
1373
4885
9315
8449
3861
8328
6422
3225
9199
7611
2208
3491
6408
5158
7367
5180
8124
1586
4563
4144
8594
1748
6125
1453
7093
8583
1222
3440
6701
389
2244
6911
4685
7442
6439
9986
2741
4933
2186
7935
2919
2435
5
624
9078
7114
3119
1330
1451
2023
3041
3117
9842
4068
3862
8011
2833
6945
4606
8311
8
8718
8034
5940
7795
1507
2114
2775
8173
3213
1641
1809
7631
6261
5778
6077
2806
9949
324
8579
7379
7754
5641
1606
2683
3385
1804
8032
9007
7392
3473
1544
6614
8370
7918
7021
2150
8493
1559
8434
7761
3908
5000
7862
6076
5668
2923
8399
2091
2806
3625
6162
264
1008
9309
3713
7379
1224
8692
2305
5187
4902
1905
1895
6523
8452
2797
4207
8407
5029
1707
1193
3717
6975
5450
9104
4049
1606
2403
4536
3257
9590
130
8196
2047
413
7778
8721
1693
6851
5105
7634
5138
3688
7843
8360
7291
600
5570
4238
2413
1197
6386
5535
6910
9361
803
7156
1811
5597
2816
4958
228
483
6676
3676
828
6789
780
6090
9117
7841
1623
5286
6048
5002
5722
4048
4474
6499
8993
9549
2906
1978
304
5944
7550
9278
6327
6054
3765
3727
2820
7204
9824
8161
1970
9087
466
8460
3791
2640
1255
7091
4491
7570
2224
927
6988
1281
1692
2792
6494
1281
7394
9248
5544
568
11
7723
2347
6857
3516
222
7891
6174
161
5843
7888
1665
8182
3574
8494
2807
6878
3552
5072
5994
6967
9629
8539
3409
9301
492
3182
5742
7066
8866
5104
4403
6295
9323
4658
2178
4364
1647
3219
6496
7755
9117
4706
9045
8587
6535
6606
8259
8792
7513
458
4721
792
7527
3644
8659
3497
4610
5220
7911
805
1030
5162
9918
8919
2195
2544
2324
6120
9750
2678
7039
3138
1476
4669
2272
3142
5906
9827
9641
8312
4324
6925
1276
5944
7392
8083
6235
4844
6526
6692
417
952
5711
7227
7195
9744
9830
553
3125
7364
7623
8418
333
5178
5387
6660
1414
8618
77
9505
9564
6610
1604
7374
654
906
5262
7811
813
1010
7397
4835
8607
871
8656
8070
9760
1988
8473
7746
7255
1317
5462
6649
7664
2967
6134
7451
203
9228
3579
6075
7728
26
1358
8783
9260
6739
3267
9154
4685
7983
7946
6404
8263
741
591
6833
8976
7129
9103
3534
7246
9855
2343
4047
7307
8302
378
4998
450
7759
5631
919
9049
6836
7349
7303
6970
582
6692
2274
192
903
2946
4171
8586
3143
2510
3566
4127
8625
5036
994
5647
6549
1246
9290
5730
1137
6539
9130
8191
7672
2990
9879
8507
693
6430
7943
2668
1928
7893
5416
7912
7966
3968
3740
7839
4288
9586
4818
4722
7954
5893
8528
4974
4332
94
1676
9113
5637
5307
8874
6904
2314
7724
7312
5354
7279
1612
965
4133
3356
8090
4311
8795
2057
3992
7660
9656
8692
4815
2673
8475
47
9885
5358
2111
2055
9693
426
1604
3790
225
8123
9743
4282
1181
9093
4043
1415
2611
3812
3290
4039
7783
341
1228
5578
3935
2686
6602
2073
8569
3406
6928
8331
6121
9135
2629
4859
3085
4584
8360
7729
1086
9695
2504
12
9237
3452
1808
897
24
1496
6750
3117
6928
1284
8271
3830
216
3398
7112
2400
6004
5135
5923
4716
764
9016
1188
9787
2755
5354
1671
560
4712
2332
3721
4515
2664
5223
1087
6193
1438
774
774
6785
9145
9881
9016
7938
8712
8841
1432
5408
2260
4134
1834
9989
4026
3691
9154
6028
7492
115
119
9552
9362
4197
6420
6883
3626
8059
9531
2539
4954
1825
7878
6199
5686
9576
2812
9968
8802
4826
4715
2026
9165
2856
2648
106
3720
5822
6657
529
6962
6984
5275
5126
3937
3087
1613
2161
7039
7228
1336
5876
4511
1021
2449
8964
5322
1589
3021
3141
7579
77
9944
6501
7843
2152
5745
190
9769
357
7158
2703
546
2813
7911
3012
7992
2076
5210
1409
9947
1309
4155
8478
865
254
9773
3452
7515
7411
7425
5046
373
5206
9761
4675
9177
2364
9594
4423
8802
2210
1860
6393
360
7270
8928
463
9244
6467
301
1654
7649
1780
5558
2206
7077
8297
4059
1986
7035
9111
6139
8645
9687
5658
5547
8488
7605
7798
3077
808
646
9467
5936
1748
7463
9415
7080
3868
5664
6293
170
2277
2311
3251
6159
377
2350
5073
9074
8747
8223
8453
9951
7368
1378
6540
6233
5929
1689
5483
5096
6549
9497
531
9886
1651
501
355
6021
3933
3992
4471
8439
4929
9263
9839
5672
2785
513
1610
8580
6538
7052
6785
8881
2321
6428
5072
9760
4617
8970
3663
854
9122
4160
8687
1761
3595
5765
2047
3545
1464
5673
5230
6405
4351
2142
4891
359
9356
2129
5609
3029
1924
116
9966
7509
3718
6441
1275
756
2605
3133
5509
9363
5123
8494
481
190
1520
506
7583
6506
6112
7318
6285
3755
2850
6664
493
5167
2348
434
9041
9723
5580
5900
5954
5936
8073
2828
8031
6265
9161
2612
7987
4931
4124
1880
6239
2601
4853
3210
4103
9819
5720
484
9417
4699
9199
7697
5735
5365
9078
4553
5958
3800
9127
3096
2831
5748
3136
4329
8578
5810
7360
3412
7819
5274
3825
3409
9677
9781
8462
7927
6122
6545
3238
2326
9509
314
4841
7805
6654
7595
8607
1945
5036
9873
8248
2011
6794
9863
2366
2677
6072
2339
4774
2417
8018
6317
4678
1629
1533
6583
5344
4759
1613
7470
7740
32
4565
3356
997
7200
3990
9350
1642
2727
5976
969
1220
6683
7878
5356
1606
5779
5987
2914
560
8559
7867
94
3231
8017
4197
723
7391
8044
1204
7304
8688
5319
541
8580
2950
7870
4370
2459
2650
4982
9693
6229
5614
8315
7401
2183
5310
1752
8841
9329
5234
5425
7116
2867
9408
5056
3864
7724
8894
6923
4595
6721
1333
1758
1873
7
6177
9243
392
2285
1541
6538
8719
5912
4059
9294
4085
3948
5897
4935
4798
4020
3071
9837
4567
2687
6157
4399
8283
2199
962
88
7518
79
5487
9466
5750
1800
601
3306
5754
944
253
5032
7875
9752
5471
554
2847
4432
5371
180
7652
369
972
5509
6289
1894
3034
5169
6624
680
9486
2903
3896
8037
2737
4382
5727
2572
8451
8689
8477
3528
680
8900
8667
6135
1565
1137
379
9941
6424
8052
3537
170
9004
4575
1870
3404
4859
459
5757
7138
3079
4124
3270
9623
3249
2207
7329
5063
2131
5010
117
4570
5865
1248
6670
7593
9913
3000
3388
9185
387
8426
9816
3619
8228
9597
4882
6518
4437
7615
1477
4650
1984
3226
2476
4490
9378
8815
286
2893
8396
2547
229
8584
516
4658
6397
3220
4984
2612
1063
8967
4674
3114
3293
4706
3975
6149
8560
1238
3738
5780
4253
8804
3182
1799
6110
1088
9688
3445
3580
1745
7010
9590
6018
4504
6684
9806
6334
7514
9246
2247
2640
8347
6936
4185
1317
8169
7226
3177
8525
1858
2111
2747
8984
4547
1060
2837
5023
5039
3303
7410
1711
9512
2186
9456
6288
9468
4295
423
7812
8991
5086
6326
6747
4033
6137
1307
8547
9164
9680
1230
3421
7421
7416
9082
5754
2892
1575
9642
5365
1529
1267
4781
8361
5333
264
5317
6931
9338
5768
4785
8627
7672
3148
2852
5724
7886
7641
3842
1211
1793
1390
232
8004
2267
5002
1429
9063
8483
7386
7080
2002
5204
3520
343
2112
5837
1119
1033
8015
7749
9267
1777
5103
9881
4189
1783
6182
2948
9548
1157
3377
6554
328
7003
7797
752
4327
3199
5348
5947
1074
9748
9787
2323
6530
3174
7783
1220
7572
8864
8759
7170
5100
8890
1469
5446
3701
258
2911
7945
8710
7541
5178
2331
6401
4090
8086
6641
9653
6220
740
1705
4739
1555
1907
4875
3021
4797
770
8397
5818
6829
9521
1331
6151
9392
7808
7618
4647
1113
8889
9360
6107
4536
3177
4473
2685
2939
2585
1136
3910
8001
7243
7392
8624
6791
4320
7902
7637
1057
4182
9534
5750
7542
9087
6014
2408
1432
2620
930
2024
5551
3240
3869
3663
4226
802
8216
1233
7425
5507
7475
8400
769
9021
8614
6125
3573
5380
4322
2126
1413
4502
9528
5819
3854
613
6613
3171
7126
6534
826
8235
986
706
3764
7846
2629
9978
2924
9745
8079
7079
2268
5669
1665
5343
8956
1471
5936
7908
4585
1868
6414
3702
1458
2382
2456
1113
9598
9708
60
8049
4877
8533
2908
3641
2729
1748
6776
5652
2488
9984
8571
8683
5297
4699
1060
7284
1225
4602
9246
5635
7609
3683
5294
4347
158
1826
6058
9709
1564
4647
5489
4897
8480
921
6522
9187
4608
3262
3756
8692
193
6242
39
9681
1462
4548
5550
6497
6639
8849
3442
3847
6549
5928
5532
3031
8352
9884
6214
1078
7716
56
8806
4731
5782
2348
7944
7073
6174
9846
8871
6270
2443
1900
1464
1166
3069
9494
2036
3272
307
1225
4064
3458
8545
5405
8746
3169
9854
9951
9329
488
7000
8611
2385
1425
2388
7730
2330
8138
182
209
2109
4263
1545
1442
466
5862
7803
3571
809
191
8312
6325
9227
4825
3778
1031
3148
8810
2730
7904
6015
3079
5725
5212
4213
4361
9646
6078
2516
8881
7836
9059
7361
3490
3712
4215
2026
4124
8917
1073
4321
601
2020
1209
8152
3104
1322
2426
5990
7815
4953
5795
1860
9334
2424
871
6647
9671
6119
7572
938
3081
1540
1473
8215
7027
7875
5536
5873
7861
8398
1987
7793
3627
5752
3771
7404
4283
8911
2683
1613
4301
3662
7451
1428
2906
8492
1512
7098
3517
6181
8809
304
7703
1650
9389
948
9599
2551
6704
8974
8790
7769
3260
5373
6583
9931
7484
8681
9117
7476
7820
4085
8544
5022
7676
9203
5575
8189
9044
9651
2881
249
3457
5658
7615
6218
4076
4091
3448
7984
4252
4916
5424
2813
3378
3672
2291
7583
3427
9732
7740
7021
2179
5440
2514
9580
4987
8357
9153
8063
7469
4149
9190
6746
9199
2491
7300
7441
6259
736
8181
9986
4455
4743
2650
1323
8040
5318
963
4425
3137
2353
3114
1870
2386
3924
8409
2814
4428
8221
1692
8566
6552
676
4993
282
8327
3545
8812
5690
6676
9176
599
6352
3430
4698
8263
9384
4690
2715
5097
9612
2397
6212
6923
2523
2670
1477
2808
102
9330
1345
3467
4023
6058
4213
2533
5086
7454
3414
8345
4713
5253
5334
4052
4974
2492
9059
1018
3385
6388
6284
8267
9245
5849
1521
661
3369
4284
2166
6403
5256
450
6675
1731
3972
2133
3051
7126
5609
6152
3735
944
4546
3400
2719
2367
7234
9102
8932
376
544
9810
3853
7596
1360
8889
9420
1978
4298
9790
8923
6783
2410
9455
1257
3480
7459
7790
8075
6216
6144
6600
2528
8420
9113
9523
8630
8572
9438
6720
7091
8565
6131
4607
4529
2961
2728
7698
264
4351
8996
9706
2169
431
8878
4382
7237
9694
8567
5658
4984
3103
9255
4051
2230
4459
8834
3064
8832
7519
6023
2949
2418
7988
3653
3121
3724
9884
3626
6536
6923
1064
9018
5891
5795
4007
8552
386
9276
3944
1380
5643
5622
7296
513
1820
3771
9287
754
5405
9423
2221
5136
2129
2150
8250
922
3339
1714
915
8874
2238
5031
3449
4544
9868
5038
8619
8973
2336
4306
9771
7006
5815
8474
1422
6771
8984
2051
4237
8955
3893
7050
8681
7054
1497
8323
2988
5447
4913
7001
2586
1435
4216
2850
4389
2682
7083
9005
544
6353
123
1947
8779
5562
8192
2040
3694
7777
8010
4756
5057
1683
3539
4674
6328
4981
3809
8365
7388
8270
4775
6034
3555
6754
715
7134
8786
9740
7026
8740
7769
3208
9336
9851
204
6570
7756
9138
2594
2398
7927
1617
8631
6989
6445
8270
9516
9496
3404
840
8094
7397
6754
3027
4692
6131
5035
7664
4690
6587
3767
1704
1098
5829
5594
646
9442
5140
13
9502
3344
3599
947
670
7634
3197
774
959
8411
6332
3327
2503
1096
1294
3492
8959
9392
1649
3675
620
5993
8794
6941
29
136
1661
2486
1103
7104
6683
9897
5184
9292
6136
4624
4958
4007
6007
8273
4427
9992
8741
5885
640
4828
5631
8722
4315
5020
3793
8784
6022
381
8925
9496
7893
3013
1923
8575
9260
6091
1875
5699
7899
6152
4076
3957
6231
362
1488
404
6837
3848
6838
3322
7526
7487
219
9136
9130
2698
3447
5357
3890
5056
88
8603
6326
6408
493
2474
6463
1079
160
5150
3651
5514
5376
8884
3675
7503
2874
7730
3554
2685
2356
1116
2060
8741
4471
9314
2304
1872
1862
2743
4724
7863
4335
1564
6180
9298
4508
4411
7374
1432
9030
1136
9293
9557
3704
3617
463
5290
5963
3199
1541
334
2259
308
8935
2001
6837
4492
6338
6865
5139
8065
9392
5238
6790
3934
5826
9721
6519
3973
427
6530
5370
5900
7436
7613
4615
8673
3575
5150
1142
5983
5747
812
1414
7193
7676
5561
4523
4499
7683
7266
5730
9616
7929
1905
8273
757
1620
7152
7536
7052
2475
9112
1758
3941
2228
4071
1554
1896
1432
400
7535
278
4575
428
7778
6493
4749
4415
6235
8233
3592
2198
8454
6503
1525
7404
6485
4741
7550
2347
812
2614
4019
5503
248
5297
6186
2582
8093
7721
1156
2804
2970
5352
989
8115
2859
7300
15
9064
747
9443
4324
177
3540
3803
1398
7066
4741
2818
4950
7406
7214
2308
4021
3035
7451
9267
8017
4318
6475
6377
943
9646
5116
2440
9058
2437
356
1699
5430
5000
1198
214
6572
9207
6880
1263
3698
1712
1845
5184
2333
6942
3339
4508
9782
2463
6283
5823
4206
3604
7681
1195
3823
7041
7495
3964
1537
6020
6306
7901
4310
4578
9672
9396
3187
7997
5549
7512
8587
3554
1529
6371
8953
1230
2039
7410
1113
7585
7948
1113
8756
3691
6034
3283
8407
2002
1265
9336
3967
3830
3753
7015
6627
3355
3998
2402
2109
5526
1360
2281
758
7171
7493
559
5645
5059
2038
8569
2148
9027
8003
9701
8584
3815
867
7831
91
4261
925
7806
8735
4398
5404
6085
2976
8680
9282
9589
6319
8086
6156
6967
9543
2233
718
4456
5870
5855
2795
2438
8394
1466
770
4551
5309
2620
3544
1416
1950
9678
1327
3315
2949
6656
8928
3946
931
6394
6266
5999
9340
1969
9606
9558
6930
8454
7910
7938
3103
2920
1034
1628
4254
5146
7839
8339
7159
975
4245
1085
677
2465
2139
4491
8166
8785
9289
7818
8303
5336
3465
3350
2584
1868
8738
6825
6939
6895
8451
6033
3829
4993
1705
9008
6486
4342
5853
7917
9979
467
4237
2407
8565
5345
4549
1370
9333
6435
3722
1770
4199
4404
723
1484
9192
9386
4564
4789
7366
9032
8952
9481
5122
5407
7898
3397
1076
5667
3792
5513
236
220
1429
6733
3232
8531
8257
5252
9239
3789
7528
4286
6992
9316
8316
3015
5248
4560
9503
1725
1254
3796
9961
6639
541
6389
3314
6224
6878
6966
492
5915
8078
2094
5056
5537
7051
7579
3284
813
8527
9392
7782
5689
79
5450
7464
6617
7362
3840
9192
2149
3313
760
8394
1253
600
7303
4628
7061
774
4160
7062
391
4966
6094
132
4903
5258
2765
6657
3242
3921
6722
6105
6560
2790
506
171
7032
6821
9328
6850
6178
6057
8457
1167
3472
5207
8521
9109
4838
2433
3288
2368
5521
5128
2399
9010
7108
4577
9100
9452
5741
4850
3174
4885
598
7210
5962
218
7367
2794
2579
4866
6216
84
2488
5629
2948
9742
8160
6729
6058
6003
3185
3296
9837
647
3477
7441
3147
4308
701
6825
2875
5445
6480
2430
5647
7439
5500
7384
9993
1175
6958
3404
9834
2180
3372
118
6118
1330
8223
227
7731
1392
4302
3609
5376
2135
7413
5843
7089
503
8501
1100
3593
351
8612
9815
8353
169
8725
809
6916
8016
5507
6228
8221
9454
6871
5920
3000
6871
5370
5080
9205
6140
3588
2991
556
8572
9554
7773
298
9085
3125
8793
5369
4275
4407
3957
7917
1483
1849
1121
8859
4807
5480
4493
4
1174
8527
4878
9807
9503
2853
9308
5893
522
2791
9286
7158
8139
6192
8210
313
1116
6660
7045
1680
1574
8620
6027
8778
7547
828
9940
8290
9443
1217
4107
7684
3104
806
7332
5664
6832
853
9538
6599
5008
3770
914
1330
5512
2099
5383
4067
5110
7812
9523
4371
3226
1352
6910
6154
2460
657
4374
3869
2533
6256
8356
9697
5904
4448
439
6077
2046
7853
5967
734
2832
8994
6007
5045
2853
1856
1472
3995
1633
4890
663
7332
7494
1773
6242
5105
2833
2526
8076
719
7651
283
8554
4014
490
5011
4921
8764
572
2305
3574
5615
7632
6340
3738
5233
9977
5034
8736
9429
9407
5962
2213
9801
1611
7649
3082
4100
2111
1717
7289
3886
3281
6245
9154
1967
3938
6433
3024
6095
8558
4390
3181
7293
8898
5425
4942
9723
3733
4357
1692
4407
6405
8584
6353
7188
1760
7624
988
6806
795
8778
3456
3149
4097
4883
6287
905
3164
8047
5022
7196
7017
5359
6054
5933
6139
9200
5879
1800
1983
4886
7544
2642
1639
3064
47
715
7590
9300
1193
6508
5463
2387
8935
896
5850
3207
5350
8831
5499
5777
585
5845
496
3328
1877
2962
4512
9764
5881
6970
9499
8880
2664
9869
2745
3533
2452
928
4211
5627
6424
7802
4648
8178
4801
5131
2269
8503
2843
710
7173
7723
4916
2496
2232
3005
3103
6417
7395
2144
8952
2007
8444
1815
2607
7801
5215
1612
7202
9081
7786
6944
4699
3747
2562
4684
819
5410
5584
5335
5489
8386
5852
7584
2580
336
4900
2811
904
6173
5721
553
5736
785
6326
2191
8433
7357
2013
5993
5871
3337
9536
7815
2951
171
6969
5365
4799
9449
3527
9145
8205
8774
3797
1526
6107
9928
4073
4989
7252
9259
1670
707
3902
9566
5694
1549
2788
3498
5655
4743
9950
3651
8760
6693
4975
7320
321
5857
9531
900
1013
4499
3811
951
3317
2063
8638
8846
3625
4055
7094
5054
61
2865
9837
2849
5895
5572
7690
6503
2561
6236
5891
6205
3319
3197
3912
9595
574
1780
3690
4839
9134
8152
6182
1512
6478
1615
402
1765
4923
3646
1939
1387
9396
7289
4168
2189
1173
9992
1271
7686
2574
1722
9490
6378
3856
2691
4470
4410
2435
8241
9376
1974
6935
2301
4203
1661
3477
9564
6522
6369
5120
8997
5294
4293
718
2173
6837
3832
701
3934
9873
8843
5348
9494
7920
4926
2519
9419
6028
9129
2070
9901
8225
9494
627
6180
3750
684
6078
728
2314
7013
62
1472
5181
9489
6126
482
5992
9300
2370
5225
8953
619
8117
564
5695
9052
145
5178
4543
3467
2105
6252
9553
4281
8294
6083
5882
4790
7132
4649
9910
2439
3721
6019
7425
7507
6874
5483
7251
9271
5689
9629
6790
7290
8710
9575
5461
9514
2401
4531
9923
9173
6450
4881
7076
8308
9205
1021
4012
2354
3285
8993
2370
2058
1284
7843
2385
1486
8404
4366
7867
1476
3029
9342
8746
7899
6171
3589
4597
6139
4395
3115
9499
5978
131
6178
8607
6267
8739
2215
3632
8161
1868
7412
7235
882
547
2131
5279
4982
9569
5149
181
815
2682
1633
2442
9090
2152
688
5699
9379
2484
3172
5084
8479
4225
5201
7973
2803
2389
8228
7369
3114
1108
7064
1340
323
8843
8407
9008
2433
549
3309
1860
9035
3917
8633
9978
3476
8977
2813
4771
3110
9952
4068
4362
6583
4048
8643
729
1854
6318
7576
6252
239
2643
8559
4944
3985
9087
9700
2343
9632
1300
66
28
6622
1138
7402
5517
645
6586
6527
8698
1576
2594
5566
4920
4183
5140
5180
1281
6545
7939
1575
6300
740
7339
6654
9013
8384
1491
4572
8841
3225
9650
8496
289
4251
8155
1832
872
9928
8167
4492
7594
285
5470
7719
9915
5859
4401
2927
7441
3073
2918
70
4975
7182
9777
3369
7214
8660
2508
7622
186
1152
4515
7658
5991
918
3454
360
6447
6882
2652
5686
5753
4697
6040
2833
5430
46
3483
6513
6267
5952
3278
6456
8358
8592
4281
7251
2960
4753
7549
6483
8494
3864
9579
4549
4275
4467
1919
2941
181
2342
4140
7282
2746
8400
917
6626
4063
8476
2870
5846
4772
8211
2733
6529
6440
2703
5015
3186
5629
9739
7419
825
8456
3798
9389
5013
2359
6086
257
3579
3615
1545
9133
9860
4065
6246
3849
1454
6552
8306
2677
3554
7313
3887
5831
2165
5479
927
335
4824
9131
3222
1225
4330
7501
1149
511
8830
7785
2483
5240
3191
8784
1358
7985
6847
7458
7919
9895
8855
8693
9700
4142
9657
2309
9926
2576
1401
3880
7891
3093
7562
5180
1478
5708
9613
7680
7778
1444
1876
780
7694
7529
5316
349
4746
4046
2025
2321
111
1651
6755
9947
9749
7011
6670
4836
9582
4141
2528
2447
3583
6957
1308
2438
7119
6455
5043
1926
5656
3007
5290
8820
5147
9127
2038
5850
8880
4438
6660
6674
2779
6513
1509
5566
6313
3033
3703
1250
618
2178
8239
31
4649
3275
9329
1308
2806
3774
7346
3795
9796
7493
8069
1429
302
8311
4642
251
6837
2990
5525
3546
6709
6550
8258
8530
3733
3461
4758
8739
413
5569
8248
4381
6530
2066
6895
5538
4477
8694
5293
3466
3962
1114
6537
6227
7323
3596
2714
3203
1996
1162
8079
2236
1522
8726
588
8650
4813
4537
3199
9740
6013
6320
8449
8380
4640
2744
1400
9485
7817
6194
6200
7232
5325
8738
8313
7107
2422
9770
7860
9655
2378
3006
5832
3452
4982
9492
4985
2427
84
8890
1368
207
9996
5587
1117
7025
1911
7071
5937
1231
462
8694
8248
7705
9201
5569
4923
7
548
9318
5988
1418
515
8942
3922
4862
1926
2436
5405
9128
6991
5596
5411
5586
2368
6957
17
4256
9962
4557
3533
4078
7441
5831
192
2104
971
299
9713
7173
503
4019
1372
6545
9482
6398
6994
7814
724
4891
6282
1270
945
6403
805
4280
1788
1762
1839
8764
3822
2916
114
2125
7076
8953
6644
6802
4302
5076
2784
8064
5172
4774
7538
3312
6355
2785
5772
3400
3957
8412
7558
4969
5359
3202
4850
1525
9172
2583
5373
2363
4854
6377
5554
2464
1756
9326
8297
6171
8576
3424
6508
636
9359
7010
7209
8490
6419
1821
628
1705
3102
6587
2596
7397
3548
1663
1614
6173
8059
5007
6063
6382
4535
9872
2514
3099
4702
5533
1233
9574
1538
387
9944
5630
6253
3371
2598
2805
9262
6644
317
8508
1761
109
1768
7757
9613
2589
332
6117
6279
4063
999
8876
5492
4845
6886
306
1596
9975
2946
9960
9402
7792
5738
8392
5280
6582
6780
1618
5623
3580
9596
3285
3044
3893
3527
2662
4838
1071
8962
2975
2619
8906
9435
8903
3394
9060
8977
7258
3628
5522
272
9653
5820
4701
4836
7488
8461
534
6095
8344
723
6343
2949
2904
1017
520
1140
435
5770
8091
2002
1777
8443
3940
766
8916
693
728
7000
2901
928
6801
5789
6800
59
7308
1115
6249
41
1424
115
4841
6581
890
4364
265
6998
8425
4083
4409
5117
8019
2656
7198
5259
2786
3701
6934
6624
9471
2240
1161
9182
6089
7087
5502
1484
9570
2883
9222
1910
7239
7228
889
2450
3417
1460
9580
8285
6413
2521
6908
5268
4924
9266
6554
3455
4087
1010
4114
5415
6876
8538
4985
2984
2909
9897
114
7570
6931
7807
8046
3130
6351
2255
654
1661
2648
6611
2822
6196
1974
905
463
8146
7482
4186
4889
1707
4760
3579
3868
8991
2258
3213
6249
3316
114
4096
9586
4706
3475
6740
3026
4423
2573
6031
9162
6587
8923
523
9289
3837
2411
6423
3367
524
8225
7885
7631
8371
7784
3812
5559
3292
1542
5116
3085
8117
7323
9110
687
767
2182
3542
8743
1235
9444
1617
5778
1775
1222
1056
7291
6830
7870
3991
3272
9318
4101
79
9120
3547
1084
1855
8808
9089
8637
9658
1305
6974
5309
1249
1968
9406
2256
7449
1714
4592
857
3415
5801
7902
2749
2616
8815
4586
4355
5022
662
9507
4890
1492
3985
423
4598
2130
9539
3714
4521
6268
2434
6213
3274
6661
375
9890
5909
4273
4773
7700
9151
2791
8244
9435
5396
7254
1849
6549
670
3807
3076
7576
7652
1711
869
9995
5613
9968
5003
933
5999
3878
9355
6205
8841
1876
361
5008
9513
961
9062
4929
8730
373
7143
5819
8302
2573
8397
6034
8852
3902
6502
1224
6198
3206
9008
9659
4290
1262
7717
7131
9587
4251
2215
8266
5515
1748
250
4396
3263
1694
2600
7485
4191
259
1749
7186
6929
3234
4736
3751
3944
5775
6578
9064
6598
491
1622
5995
43
8574
3781
9306
1289
6865
5596
1887
9222
1192
6493
3353
8861
1116
9295
4987
9633
2679
8499
1954
943
4792
2772
3383
1983
5527
9658
9419
6886
4515
7691
2495
812
1206
5646
310
6101
2698
5118
7906
7726
6340
8839
6139
3941
4383
7248
4798
7893
5844
3620
594
7085
6421
5407
5910
6252
1913
2882
3574
5388
5841
6900
5820
4248
1721
2917
2242
1642
2283
5183
4838
7350
2077
4331
1927
7101
9882
2893
796
1774
2734
8462
452
4495
5147
3124
4360
1748
9161
4928
8124
2426
2235
4723
772
739
4540
8413
6163
8686
8887
3460
8319
8002
8166
3982
9009
8039
1603
9036
3528
5329
9658
6403
6749
8665
7215
9991
9744
8042
2556
6694
18
2533
2211
8926
8396
226
6530
1452
7245
8644
9732
5682
4657
4679
1763
1924
3420
5464
7564
6016
4406
5249
3387
9655
6400
559
5429
6300
3092
8466
9813
3624
7051
8033
4750
9848
4425
4504
2367
9092
834
9711
8692
7052
3840
3496
4745
6416
1228
3764
3561
7581
6698
8658
7493
9535
8129
1653
6321
7912
7719
3105
760
2427
108
2434
7935
9269
4621
6025
1895
2713
1129
2676
5148
5862
1248
3385
3083
6856
8070
143
2976
9079
5143
8313
8893
3919
7045
495
2486
9533
8413
2698
2681
4963
856
476
7148
489
477
8538
1311
4448
6292
9976
5264
1012
3285
2319
4557
5341
5870
8765
2580
9410
7779
7849
70
875
9280
8833
2858
7409
7338
2
3149
5588
4836
3523
5015
4152
3566
1519
938
7181
8887
4413
6708
9850
9955
7309
3923
6262
5991
8065
7368
1650
3681
4438
9620
4886
4741
5614
9087
6887
7666
5708
3927
8369
7300
2555
2805
2583
7538
90
8588
4276
3703
7480
5803
9101
9598
1768
2898
3829
4982
1425
7745
1084
5621
549
6715
3845
3449
4204
6217
1155
9466
8988
4251
8703
795
3671
6154
9864
2431
4145
9641
2872
9000
45
6234
5983
9498
1107
5709
8703
398
1008
3714
1907
531
3114
3888
2284
8223
2877
4878
2153
7780
23
5998
2098
8205
381
7770
1377
3911
1192
5286
1630
2445
6288
4773
5254
5131
2995
5816
4327
5572
4961
9793
4986
6639
4631
9142
1726
9196
423
6944
893
4853
4320
2819
5469
8479
3807
5416
837
5648
162
2070
25
5066
1892
4096
2789
5285
5851
87
8706
8107
8730
9632
3352
173
610
2737
9040
6435
7724
1780
4419
7249
6316
8462
5605
5925
9683
8633
4088
4860
6243
7854
1279
5300
5359
8846
6848
1228
4703
2255
4132
8264
7837
2180
6974
8865
831
5189
4741
9801
801
3118
2176
8876
9358
6227
2973
5026
4203
737
4990
9233
7616
4480
4129
8351
5460
7029
5067
7285
8116
1123
6816
1887
6671
6737
6097
7727
9777
2647
3762
3394
6186
8530
1847
5386
2138
9623
811
587
6668
4148
2524
6065
5916
3202
5414
4702
3702
1943
1706
8034
7757
1704
5419
5107
4148
1307
3990
556
6172
6186
7115
1697
459
2115
4476
5296
1637
5789
4960
6099
4506
6406
4581
6306
6716
4119
1616
4886
1867
8505
8994
696
110
3808
1369
888
6320
4437
1759
6666
869
1186
6019
6666
2248
3431
3651
6128
626
7417
883
5679
7097
6810
2972
951
3859
4724
9332
7050
1973
8350
5893
4140
1644
7217
1597
2755
9511
4005
7186
3230
1135
6164
2336
4754
4613
8816
5856
5519
9798
3920
4118
5042
4557
101
2423
6916
8277
6107
117
9839
9433
140
25
2000
2475
1598
1308
3064
3917
2061
6562
1900
4111
9795
643
1229
4485
3427
1111
5458
6468
1909
4270
9825
2618
8059
5241
4204
9719
5570
8024
776
395
6885
6193
9033
3613
6652
106
3050
1510
3233
5011
2104
5848
1043
4739
9838
2494
4723
8557
2427
5889
2220
7038
1055
8003
848
1862
4437
380
413
8689
9146
6991
8478
6177
9564
7993
3230
4378
1069
757
823
8057
5671
2222
5720
8482
7065
9842
6790
6789
688
1024
4361
8827
5137
3422
8983
723
3506
3081
6494
2868
5192
9353
4891
3374
107
7904
3048
6001
726
2816
3745
8969
6491
838
6023
245
9971
7463
7870
2787
4163
6821
8577
1161
8410
9533
4229
4818
4519
4177
3259
9892
2055
5533
9983
458
1516
8920
7486
5283
25
73
8596
5461
7865
6691
1219
2527
5792
1151
5904
2891
8762
9173
8855
508
2575
7350
4638
1369
7704
1960
7303
8149
6731
7375
576
5547
2337
4821
6740
7523
1225
2518
2308
419
7462
3290
6592
3413
7011
5455
4703
7777
7895
3091
1663
615
2804
7611
5814
5339
8713
8723
9575
2781
9175
2403
7888
5971
6416
3465
7247
294
8075
105
6533
86
7380
9422
3667
2251
8193
8139
3537
7721
1008
9907
1294
1071
9419
7073
97
5116
9422
7621
7469
2286
3263
9900
6132
3256
3467
27
6626
7855
1170
8359
5194
8162
1833
1379
447
8116
7341
6919
6408
8216
3671
8410
8918
9447
7803
5292
3602
6768
9834
3075
8927
9517
1304
7472
3471
7469
9304
7644
7026
4532
8675
4564
4713
1963
2503
2590
2936
8853
9964
7719
4745
4928
6914
7707
4733
4948
6454
4672
9422
5739
5059
6784
4817
7117
2166
9089
951
4663
1866
850
450
4279
1649
6244
2932
9766
6244
9650
7618
4658
369
3439
4376
5367
4
6603
9223
2122
1265
3841
569
1714
1885
3888
9797
4643
7548
6452
9326
3688
5012
7233
8838
3804
4737
8475
3295
3045
4914
2116
9682
8718
2017
1411
8617
2720
2464
4013
2918
2428
9023
6051
6247
5511
5578
6376
3361
7299
9166
4413
7513
5157
828
3755
9778
7288
3222
1597
560
6382
6615
4231
9627
2270
6047
1494
8351
9919
4956
8470
2704
335
4420
7258
1643
8208
9119
283
1928
10000
1377
7952
9756
723
7925
6855
7914
1007
37
7757
9049
9300
5542
2992
4545
9542
2512
7326
2815
8584
3979
5961
2841
7399
8869
1930
6331
528
6432
6622
6655
479
937
8753
4538
8965
4610
7062
2931
2389
9138
9745
3264
3195
5810
7329
2377
6169
4248
909
6429
7504
7200
1450
8883
8039
5654
422
1721
3387
7793
8676
9592
3939
6921
5908
3033
783
7113
4702
9456
8845
5184
4059
5622
199
7681
4577
7318
5612
2634
8601
6333
2089
6385
7790
3748
596
6890
6788
7257
9781
310
3154
4617
9458
4006
6349
9291
2341
7261
4707
2726
5628
4995
865
4802
4300
2214
7921
7132
5523
1402
436
3267
9849
8929
8312
1951
1026
6822
854
1761
4179
7875
5819
357
7118
5091
1168
1861
9147
3330
6152
7111
4405
848
8053
3783
8175
8324
5864
2559
4817
2333
6259
2210
1427
7124
7756
2472
4580
8685
737
2819
7719
3357
3683
3297
6891
7285
4369
8906
6054
3180
9025
8521
3565
5547
8668
5912
2147
9217
2535
6052
571
5351
9786
7311
4827
8734
4991
5204
6479
5204
5977
9445
1863
1206
1807
1120
5423
3455
5747
4752
3801
2319
3011
6960
8296
5559
9739
3386
8043
1216
5428
6942
6693
8747
8525
2926
1685
5299
8661
6022
7863
4543
3938
1833
4198
7843
1938
9878
1036
2806
6203
7225
9591
6015
1745
6606
6986
7944
1636
3617
1533
8325
9650
1473
4178
5566
5280
6243
7542
8103
6513
6386
3439
1648
3056
8979
1880
5977
5888
6807
2054
6894
8942
6426
6102
1872
3551
8761
102
2515
4380
9088
2876
7300
278
8449
8551
3763
103
6833
512
9166
2935
6028
5356
462
3943
2457
3457
3994
6158
9672
5106
1017
398
7943
7225
6454
9538
9604
9040
3196
2582
6861
8173
3168
7715
5027
3479
3470
3702
4269
441
1660
7595
6649
5122
4347
8283
2637
6565
4827
7647
4588
3220
2942
4352
1956
2245
5077
2637
4467
1102
3798
6520
9674
7954
6895
8446
9194
8872
6149
8720
1723
7268
9941
1346
2220
2564
907
1936
3780
8601
8001
1208
7543
5664
9695
5768
9620
3100
8353
5893
7739
3490
2054
9957
5884
7217
2676
5018
6858
4203
9081
7883
9391
2581
7245
7696
425
3911
8803
8537
9682
4080
1150
6396
2637
9337
6160
6874
1692
1972
2846
8989
351
737
5359
448
3703
6572
7379
9787
4680
8087
5409
3529
2141
5920
9224
8968
3285
2318
6119
7308
4667
7805
5672
5248
9427
7444
9174
6618
4304
2767
7536
1194
2771
6558
5590
1935
9678
7289
2320
6822
9399
3198
7614
6032
6984
6969
682
7902
4451
2799
6138
5003
7842
134
3601
8775
1580
7012
7877
604
6292
2931
2635
4431
1932
5614
2110
9684
7015
1355
4479
9454
2907
9205
2087
2530
8421
7908
6391
7590
7575
7147
336
9372
7164
2510
511
7317
1933
862
4976
1572
4364
4691
563
3712
7436
4165
2908
8597
8948
6246
1812
1527
6521
9167
8894
3732
776
5302
8628
2389
7573
7609
5823
9457
8653
5226
5989
9023
5080
6662
5212
5893
6299
2035
9149
4866
4282
5094
9332
3732
7498
1887
836
2278
2755
9474
5335
6442
2181
4978
7027
1631
4850
6075
5528
111
8121
4508
950
2184
4739
4080
3916
9669
1990
4424
9003
5160
9447
6550
6249
1494
2684
7032
5473
3279
9135
4191
2135
504
3663
1724
7865
2551
7009
2966
2977
4298
1700
9946
3608
2053
5809
6319
2645
8134
5217
692
3938
4870
6888
9417
4047
7631
3472
8663
2768
4420
4913
3773
449
658
7179
2104
7547
5073
4342
7870
4142
5958
8881
4070
1198
2457
3911
3272
4906
7373
559
2525
4615
8913
7218
5570
4171
4947
8360
3503
805
9132
6171
1822
9882
6331
4157
7498
3627
8514
102
8230
9410
7015
4357
6742
5899
5544
5159
9182
2736
9343
5510
7174
8876
493
4025
630
6497
7830
7577
788
660
5112
7491
4455
22
1881
6633
3910
1806
8381
6436
2370
9122
9537
2372
8045
1109
9847
1527
1926
6890
142
552
1507
3558
1036
6639
1017
4836
2843
9511
2570
7986
7006
8348
427
9208
8287
1731
9297
8825
7798
9572
9752
4498
151
1634
3408
6367
3897
1035
2084
6941
9711
794
4488
282
4853
7786
6318
9688
8024
3333
805
7553
4594
667
2911
1541
7312
8606
5774
3902
8082
8906
8266
4020
559
2866
1569
1693
3571
6229
6587
7820
310
6384
2745
4346
3033
1325
7978
7362
9055
8569
9146
3910
4678
1923
279
5584
3346
2383
7584
6083
5828
7099
6877
3455
8540
441
1254
706
9448
7499
2033
8972
9127
6365
8218
9628
878
9340
6817
8102
1446
9909
5163
406
4033
2232
3942
7661
6759
5146
302
2954
8209
1370
8132
4837
1281
6651
4337
2212
732
1968
5271
8064
1429
8615
6192
2930
1992
7564
9574
6935
7823
2622
110
1619
1444
6046
1553
6850
4132
2163
5785
8793
6540
7691
1428
8282
2035
4780
9480
3142
948
6281
6500
6493
8790
5920
7166
5970
489
7440
9822
6362
3935
7799
9926
4162
821
5001
2796
2800
9997
6798
4726
5970
7242
6050
6145
2771
6390
3616
4142
9276
7491
4968
6794
3911
3388
9901
3704
6126
8808
988
3309
5282
7883
9958
7431
4408
696
1038
5003
7966
854
9022
2249
9435
126
7796
1887
564
6335
1018
7879
7194
6606
7299
3677
5489
7261
6609
8418
4700
4694
1492
1318
3412
8997
1773
5765
7543
7487
5952
1361
3469
7059
1672
3799
5270
6780
6756
8593
6128
1232
6095
5911
4004
6680
6062
5603
9151
8571
2674
8688
4879
8265
5101
3870
2067
6434
8465
3957
8837
6113
9460
8130
6804
7928
5584
435
9753
7225
8791
8347
3291
238
2195
3971
7486
741
1995
6350
4598
9308
5826
9814
5450
949
8250
120
2068
2694
8374
89
9877
9759
44
676
340
4713
2729
1713
7767
9368
8767
6115
2186
9868
2282
8830
9292
794
8528
4690
7706
690
9622
1257
3155
6380
8831
4009
8138
5092
5887
4711
7962
7007
1614
1337
8964
4089
1753
6213
1843
6733
2322
8523
9137
6528
8647
1995
578
2298
8384
3029
2254
8370
9842
6844
8205
9541
9409
5221
4074
1346
3394
4674
1418
3653
238
3413
2166
3982
9618
3171
3267
2637
2339
631
1747
5133
6896
7200
1509
7786
4144
5897
9735
5344
4137
4290
2091
5953
2418
1872
3336
6627
5457
3566
3463
2692
1150
5918
8910
4490
1193
5408
9210
3580
5623
877
1397
2822
2375
4704
1303
6029
2562
5538
9192
7232
3361
4225
8435
7366
1065
3917
3367
4730
1201
6095
1063
2656
6788
6454
3313
9395
2242
3486
2876
6252
3473
4815
1066
3105
2768
336
2285
9527
4604
9238
8790
806
732
2173
712
2088
2199
7345
3323
7197
4326
8249
1517
8702
9683
8385
8499
6283
5760
8339
6029
9299
2325
8801
3143
5216
9489
4994
3531
6477
177
3735
116
421
1743
2744
3150
4378
8546
975
8361
7358
7683
2353
9436
2049
9088
2484
6807
87
8073
5122
9120
6933
7479
9897
927
1208
6988
7004
2981
2131
3046
9497
7047
2163
4606
7735
6489
2272
7373
8508
981
450
4669
3305
5930
285
6925
5699
6289
7003
9215
5535
7323
5285
3243
9225
2695
6366
2759
9520
8336
6395
4222
7617
2626
1298
6028
3599
9741
1759
4044
4124
9746
1613
4104
5127
6538
4263
8544
1570
9094
5467
2135
9614
4289
9927
7926
8853
6754
996
659
8084
3710
9883
6349
4675
6986
2984
7534
5651
7758
1018
259
1571
7892
9699
6648
574
7600
3155
4428
6004
6954
1163
4420
8691
4518
9648
780
6723
4597
8255
2231
4043
3060
7143
6567
2115
1522
6279
1576
8007
6560
5733
5159
4916
9185
6392
8225
114
9488
3267
486
3758
5856
847
4252
2291
4270
4099
6495
501
6803
9827
8630
1897
6919
7394
6721
8052
5743
9524
8318
5663
9879
7173
2187
9140
5674
3840
2278
8567
4878
8797
9297
2980
9709
4923
1585
9025
2973
533
6117
3135
8801
8451
8659
6035
1177
1632
286
2779
7797
1860
9380
3247
6295
8509
5172
630
693
2063
3628
5570
9166
9861
5217
6937
7652
4930
1800
5073
4119
6985
8337
6390
9507
9125
5667
2331
1888
758
7586
1164
375
5977
4141
3211
3940
4034
8276
6575
1990
8648
9271
9237
7684
702
7050
1922
4954
1802
7285
9238
2064
211
7207
5262
4284
108
538
6439
5886
1959
9361
6042
4761
2552
1118
4216
9314
1079
3409
4259
3872
5393
9019
5414
3428
1532
7153
5858
6610
2677
7835
3015
7373
1704
1052
8491
7136
7883
8956
9642
8249
8824
3344
4042
7680
501
2843
25
3797
5777
4206
197
2888
877
9436
3768
7810
548
4457
1454
9121
120
9936
869
6304
4811
2386
9008
2756
5576
5708
7752
8275
6060
5538
4031
7920
8787
1352
9410
6977
7875
6528
7290
6290
7279
9373
5007
162
9577
406
1818
3082
1912
2966
821
6142
2897
3632
6962
1324
4501
6911
2165
6898
6183
5324
14
5884
9592
2457
1975
8490
8449
7418
6406
9568
7724
7987
3871
6616
9904
9628
1434
2194
1351
6178
6316
5483
9293
6535
6197
9643
6343
1977
9365
3560
8926
9856
1115
2921
3031
4401
9708
453
3152
576
572
9353
440
6114
7021
440
4428
2576
673
7676
6250
1655
4733
8603
4643
4557
5196
9494
4002
7150
6236
5339
2612
6884
1418
4394
9587
4357
8789
9220
4579
7462
4417
9023
8167
126
2107
6342
4593
9381
4596
4381
3973
5339
1660
9379
760
981
540
8672
1178
1489
4767
7422
7437
2267
5134
6307
3153
2009
2663
4092
8414
1393
7161
6166
9789
3738
5391
4342
4
2031
8118
681
9756
7680
2749
2805
9040
8915
1176
3022
9811
5368
673
2180
4238
1322
5276
4602
22
5569
8196
4530
5990
9972
855
2627
9790
3115
2299
7740
4568
3043
876
1811
7298
9531
8628
4310
4445
4315
1685
83
9777
6821
6006
8659
7051
403
6711
832
8484
8400
6626
7832
6975
7683
416
2874
6542
2757
5717
2285
4513
8116
6698
7807
877
7792
7397
5851
5941
3730
4343
1028
1032
9597
2978
5246
7511
5964
8132
4172
2496
2795
9348
8163
7531
7890
7016
2126
49
92
1681
6859
3748
3398
3588
1378
8912
2642
6533
5078
604
8587
306
692
3548
8931
4473
9113
5750
1017
9479
8848
542
8822
3214
1448
2257
5814
5026
7395
4059
6260
1041
1723
277
4845
2909
4016
8926
4407
4135
7773
4309
8795
1481
9416
4160
8205
239
7895
6780
1900
9907
3312
9506
7493
1493
3369
3474
914
4339
9230
1279
9376
8538
5441
8071
1374
8265
9212
4909
6721
6062
9698
5028
9236
8560
1219
9322
6029
3545
5438
4318
4219
9453
385
7264
3723
6091
3372
5124
3898
4223
7187
6483
5621
7713
1250
2702
2812
7918
