50
13
77
7
40
49
42
89
89
1
89
25
80
28
7
41
71
75
65
11
39
20
22
79
37
83
85
19
80
45
59
28
91
50
88
51
98
29
97
63
37
20
29
51
45
2
72
33
96
76
30
48
100
43
5
35
44
47
91
70
38
14
38
38
29
37
17
19
71
60
40
49
51
78
97
57
58
3
95
25
55
33
36
39
49
50
90
20
49
80
6
56
98
53
17
50
94
90
72
97
182
142
188
195
121
175
192
179
122
139
123
106
176
147
146
170
199
126
126
163
165
118
102
167
119
128
164
125
179
188
178
195
139
101
101
200
176
174
146
113
197
111
101
200
146
167
123
119
157
122
192
183
156
104
119
133
101
185
106
162
188
161
177
111
115
175
126
192
136
157
179
179
163
110
125
198
107
116
170
189
172
175
178
153
158
168
197
160
113
163
184
126
133
171
175
199
178
139
104
140
253
274
255
237
261
204
286
232
221
217
240
247
227
224
253
296
291
264
204
206
290
243
230
240
278
218
219
270
206
201
231
232
259
250
239
291
203
262
209
263
233
229
242
231
290
209
296
273
259
249
201
261
213
259
283
201
274
212
241
259
285
290
246
279
258
201
217
277
296
255
226
255
208
209
281
236
266
230
277
295
282
250
295
299
225
241
220
209
299
220
241
224
243
297
267
294
230
202
255
263
376
395
308
379
344
377
319
305
326
363
373
343
332
385
381
382
315
324
345
362
372
353
399
328
371
322
343
356
366
374
376
381
380
362
320
356
386
396
390
328
355
313
348
392
332
316
337
340
338
369
329
331
340
312
323
355
321
386
373
361
340
305
364
395
351
361
398
301
350
368
373
336
336
355
369
355
376
356
387
308
314
391
397
370
376
368
398
324
358
367
379
355
326
355
355
382
389
315
325
395
499
431
432
485
494
466
401
440
458
412
473
425
459
406
497
487
409
407
463
493
421
475
445
467
442
436
454
496
411
492
406
477
479
486
456
403
415
452
499
402
456
434
408
417
427
454
492
455
413
419
418
421
495
450
425
452
402
483
459
466
412
421
481
428
417
472
499
490
494
415
460
481
448
484
421
459
459
452
487
442
421
493
443
500
451
430
489
416
467
401
456
500
469
484
481
427
420
467
463
445
552
559
516
575
523
539
595
539
541
547
586
507
513
501
586
522
533
573
569
547
513
542
584
595
537
552
527
543
578
585
599
514
519
582
582
545
569
587
582
509
596
571
524
539
553
543
583
547
518
522
526
506
508
566
535
545
529
594
575
543
537
551
586
588
559
574
560
569
570
516
586
561
509
545
546
521
529
530
547
559
569
578
516
540
504
580
533
595
504
540
552
508
518
581
583
579
591
530
563
511
658
609
647
666
679
659
643
697
636
644
656
678
683
635
679
630
609
670
682
666
666
700
635
690
601
675
651
671
659
690
686
602
641
659
605
686
691
683
697
641
640
603
608
652
647
651
634
640
675
694
659
652
656
697
627
635
650
628
675
613
604
679
671
683
694
610
625
628
640
697
669
638
603
627
646
621
657
690
646
621
677
625
647
699
617
620
670
618
625
645
624
687
677
676
627
601
651
606
670
636
706
779
714
707
747
714
742
785
714
702
731
761
753
770
753
717
721
751
749
705
718
730
765
726
706
741
705
781
770
770
728
730
782
743
730
750
758
790
737
720
741
725
760
777
741
715
747
752
781
753
755
757
769
723
749
742
708
759
798
790
765
792
707
726
711
716
782
763
741
744
797
735
711
710
778
761
707
754
716
794
793
770
778
749
730
759
754
751
799
756
774
737
742
798
779
752
769
723
714
735
825
880
808
872
887
842
892
828
893
808
825
825
891
823
883
893
844
848
876
877
893
875
884
854
806
825
880
841
869
803
825
825
840
850
872
816
809
815
808
811
852
861
868
864
826
883
861
807
813
900
837
845
881
861
877
815
873
816
867
883
895
888
859
806
819
802
843
831
814
815
835
841
832
840
891
814
843
838
890
840
851
868
806
893
852
827
817
851
855
805
846
891
809
874
882
822
869
823
864
802
949
994
916
954
925
919
992
933
948
984
907
926
916
915
968
990
976
986
947
980
956
938
971
989
958
982
932
916
908
978
1000
923
999
910
937
916
907
956
997
912
928
914
975
949
918
931
914
953
928
922
948
902
976
984
997
953
975
979
962
928
975
959
913
983
927
925
935
965
926
960
925
954
936
971
924
952
974
918
968
988
957
909
964
994
935
919
956
968
950
929
999
959
905
973
941
931
918
974
993
949
1001
1098
1061
1017
1051
1059
1015
1084
1088
1033
1058
1028
1010
1033
1042
1080
1052
1006
1093
1012
1043
1012
1100
1089
1088
1094
1066
1061
1050
1038
1060
1013
1014
1076
1023
1040
1046
1023
1019
1053
1052
1004
1060
1078
1044
1077
1071
1007
1005
1075
1018
1086
1052
1069
1025
1041
1070
1044
1082
1023
1054
1019
1072
1072
1055
1096
1052
1079
1080
1070
1053
1078
1050
1098
1027
1024
1098
1021
1019
1072
1076
1084
1029
1075
1004
1063
1090
1031
1057
1096
1060
1091
1043
1059
1097
1059
1022
1055
1029
1054
1158
1168
1161
1167
1181
1157
1157
1152
1152
1122
1113
1130
1147
1146
1192
1101
1108
1170
1118
1157
1159
1169
1152
1115
1167
1189
1178
1137
1161
1121
1157
1177
1190
1141
1130
1173
1159
1191
1136
1112
1143
1187
1182
1142
1168
1176
1141
1177
1114
1183
1101
1144
1129
1121
1107
1189
1194
1186
1108
1147
1177
1193
1156
1156
1147
1190
1161
1127
1167
1149
1127
1154
1166
1180
1133
1103
1172
1148
1191
1184
1186
1149
1105
1171
1155
1138
1107
1135
1187
1133
1142
1121
1170
1141
1186
1179
1146
1194
1110
1106
1268
1226
1234
1217
1246
1241
1292
1218
1287
1288
1211
1288
1299
1260
1296
1239
1273
1237
1290
1264
1266
1298
1245
1218
1244
1215
1243
1266
1293
1261
1256
1226
1219
1272
1297
1220
1222
1215
1277
1290
1217
1261
1279
1263
1229
1244
1206
1235
1207
1206
1219
1299
1248
1281
1225
1290
1259
1264
1252
1213
1256
1300
1232
1274
1293
1257
1281
1229
1270
1201
1248
1284
1278
1263
1229
1231
1264
1202
1277
1293
1276
1253
1242
1286
1228
1259
1265
1223
1275
1259
1256
1240
1226
1234
1266
1203
1220
1270
1244
1251
1339
1367
1318
1375
1366
1342
1379
1366
1349
1373
1379
1337
1370
1397
1319
1352
1351
1343
1374
1386
1364
1362
1366
1343
1391
1391
1305
1332
1365
1307
1384
1321
1312
1378
1355
1340
1308
1369
1375
1311
1344
1341
1316
1328
1392
1367
1310
1400
1347
1365
1388
1321
1362
1319
1360
1394
1319
1339
1398
1345
1380
1387
1328
1373
1338
1301
1391
1379
1370
1357
1336
1349
1392
1378
1366
1341
1373
1395
1355
1372
1335
1365
1350
1356
1372
1343
1385
1357
1316
1303
1349
1352
1309
1332
1396
1378
1344
1348
1325
1370
1479
1466
1426
1422
1429
1497
1491
1445
1414
1469
1499
1427
1481
1412
1437
1422
1424
1466
1462
1420
1495
1458
1481
1450
1444
1432
1460
1440
1403
1479
1486
1428
1498
1460
1490
1413
1412
1449
1475
1420
1488
1469
1465
1489
1413
1405
1413
1472
1480
1492
1437
1432
1470
1468
1495
1438
1492
1428
1424
1447
1401
1471
1417
1423
1448
1402
1446
1489
1484
1403
1472
1417
1453
1470
1425
1430
1455
1464
1421
1493
1489
1452
1448
1483
1456
1450
1403
1497
1455
1492
1449
1478
1457
1495
1455
1456
1486
1497
1460
1436
1561
1505
1591
1512
1514
1585
1559
1502
1564
1566
1574
1530
1507
1575
1533
1542
1538
1530
1520
1506
1560
1527
1505
1583
1512
1527
1564
1558
1566
1526
1563
1509
1512
1541
1551
1598
1579
1570
1575
1560
1532
1554
1508
1586
1595
1561
1550
1501
1563
1587
1555
1587
1594
1578
1558
1545
1564
1503
1548
1541
1597
1570
1554
1596
1593
1543
1534
1531
1536
1509
1509
1586
1593
1532
1502
1594
1587
1554
1578
1597
1595
1510
1568
1528
1562
1517
1543
1528
1505
1516
1590
1554
1519
1596
1552
1509
1590
1593
1501
1546
1669
1617
1638
1699
1602
1676
1613
1622
1647
1637
1613
1676
1687
1617
1654
1690
1625
1620
1620
1608
1682
1641
1674
1625
1603
1658
1626
1616
1617
1633
1652
1648
1669
1643
1616
1631
1604
1635
1657
1629
1645
1616
1660
1672
1659
1646
1694
1688
1677
1619
1609
1685
1651
1671
1662
1625
1691
1670
1625
1665
1610
1654
1610
1656
1690
1659
1693
1667
1637
1656
1669
1683
1652
1621
1633
1603
1617
1676
1611
1607
1647
1673
1619
1631
1673
1680
1664
1639
1630
1602
1646
1643
1684
1700
1640
1679
1698
1657
1628
1617
1777
1780
1718
1753
1772
1709
1718
1722
1760
1736
1774
1799
1791
1783
1748
1767
1715
1778
1725
1754
1787
1786
1740
1736
1787
1760
1737
1704
1711
1709
1761
1794
1754
1729
1731
1731
1748
1783
1706
1718
1729
1760
1779
1799
1765
1793
1778
1727
1746
1716
1728
1795
1756
1708
1702
1704
1764
1701
1723
1792
1751
1750
1769
1782
1723
1765
1738
1716
1781
1701
1725
1750
1706
1707
1786
1735
1716
1783
1752
1748
1720
1719
1738
1741
1759
1738
1766
1717
1726
1771
1723
1710
1763
1789
1718
1757
1745
1723
1764
1780
1804
1801
1827
1877
1882
1877
1894
1861
1830
1881
1822
1814
1836
1814
1867
1829
1826
1865
1832
1832
1810
1814
1844
1811
1855
1846
1834
1879
1834
1835
1852
1812
1891
1888
1876
1881
1898
1819
1868
1822
1890
1850
1852
1841
1859
1861
1886
1803
1815
1825
1874
1833
1863
1875
1856
1854
1820
1861
1875
1873
1862
1866
1884
1872
1839
1866
1880
1848
1853
1848
1843
1888
1879
1815
1886
1898
1824
1852
1816
1874
1879
1810
1853
1896
1809
1805
1820
1856
1895
1889
1803
1809
1860
1891
1809
1831
1876
1830
1892
1804
1960
1976
1984
1991
1959
1928
1913
1915
1948
1976
1981
1950
1914
1991
1966
1965
1945
1953
1907
1913
1991
1947
1961
1916
1968
1998
1910
1982
1942
1973
1955
1948
1954
1911
1939
1922
1940
1972
1956
1957
1989
2000
1940
1972
1944
1965
1976
1980
1914
1933
1910
1976
1935
1967
1914
1955
1991
1912
1997
1916
1909
1936
1989
1983
1923
1994
1976
1958
1967
1997
1998
1905
1958
1912
1950
1912
1953
1916
1947
1942
1952
1999
1937
1957
1931
1993
1984
1980
1916
1952
1991
1982
1909
1920
1954
1963
2000
1968
1966
1986
2056
2001
2049
2089
2004
2092
2087
2029
2040
2048
2099
2013
2028
2050
2088
2049
2054
2081
2033
2096
2099
2026
2003
2067
2098
2064
2046
2071
2036
2089
2073
2039
2051
2041
2032
2050
2090
2029
2018
2039
2039
2029
2032
2070
2054
2059
2050
2056
2098
2050
2083
2068
2005
2086
2031
2100
2095
2011
2001
2067
2056
2014
2067
2068
2068
2049
2076
2029
2017
2074
2012
2003
2093
2022
2007
2073
2013
2076
2091
2005
2001
2081
2056
2010
2053
2077
2072
2033
2098
2096
2008
2035
2079
2026
2090
2002
2015
2052
2007
2084
2144
2195
2169
2157
2193
2112
2138
2103
2197
2187
2165
2105
2188
2170
2123
2140
2136
2146
2133
2125
2173
2132
2161
2162
2113
2145
2119
2169
2156
2172
2111
2117
2163
2157
2116
2176
2152
2175
2127
2106
2191
2120
2170
2147
2144
2125
2180
2164
2185
2109
2175
2140
2169
2155
2182
2154
2143
2171
2109
2120
2146
2175
2107
2198
2107
2107
2102
2181
2155
2195
2169
2156
2154
2101
2159
2200
2179
2170
2112
2168
2156
2115
2102
2131
2115
2180
2126
2170
2168
2169
2153
2163
2155
2138
2114
2197
2127
2185
2134
2119
2252
2263
2216
2243
2230
2244
2211
2291
2202
2240
2249
2242
2222
2206
2262
2213
2229
2205
2257
2226
2273
2226
2299
2291
2214
2276
2290
2241
2296
2251
2266
2203
2256
2240
2224
2245
2272
2212
2255
2241
2229
2292
2269
2212
2227
2204
2270
2259
2272
2220
2264
2250
2241
2246
2298
2228
2262
2247
2227
2253
2277
2266
2248
2296
2299
2247
2290
2252
2223
2294
2255
2225
2232
2294
2207
2265
2241
2221
2238
2225
2216
2242
2229
2278
2216
2246
2219
2217
2208
2233
2251
2279
2278
2201
2296
2287
2257
2205
2224
2274
2396
2312
2390
2340
2398
2389
2387
2356
2399
2391
2368
2330
2380
2330
2370
2318
2351
2313
2374
2374
2384
2327
2332
2338
2312
2308
2307
2399
2341
2369
2324
2329
2354
2344
2301
2313
2369
2339
2333
2387
2318
2360
2398
2335
2322
2374
2346
2351
2394
2307
2318
2345
2370
2357
2356
2361
2343
2308
2317
2325
2341
2305
2381
2395
2301
2321
2384
2341
2379
2378
2349
2349
2304
2360
2328
2323
2369
2384
2352
2387
2375
2400
2364
2303
2322
2326
2309
2326
2353
2388
2366
2321
2348
2314
2371
2366
2386
2304
2350
2384
2446
2411
2455
2442
2452
2405
2488
2475
2448
2437
2403
2487
2476
2401
2420
2426
2404
2416
2454
2500
2432
2472
2409
2406
2473
2448
2402
2484
2488
2460
2476
2500
2436
2430
2428
2413
2407
2429
2484
2490
2437
2481
2460
2459
2401
2445
2485
2458
2480
2417
2431
2479
2480
2456
2475
2480
2498
2459
2482
2480
2416
2441
2430
2464
2407
2446
2471
2464
2448
2479
2492
2461
2490
2439
2420
2439
2429
2460
2428
2482
2470
2442
2421
2415
2448
2405
2431
2496
2421
2423
2444
2470
2433
2459
2475
2438
2457
2409
2440
2430
2516
2519
2586
2599
2540
2589
2520
2544
2556
2515
2573
2507
2593
2531
2542
2567
2592
2522
2590
2554
2535
2563
2594
2545
2592
2555
2516
2579
2555
2501
2571
2571
2518
2578
2544
2501
2576
2565
2510
2540
2507
2548
2555
2589
2543
2507
2544
2593
2504
2523
2568
2589
2544
2560
2574
2579
2568
2564
2564
2542
2529
2543
2544
2555
2518
2551
2594
2518
2544
2560
2568
2572
2537
2554
2595
2578
2598
2539
2517
2508
2566
2545
2549
2537
2580
2530
2535
2551
2517
2530
2585
2523
2539
2546
2547
2590
2577
2566
2570
2579
2633
2690
2677
2624
2682
2606
2648
2609
2616
2627
2655
2604
2615
2694
2632
2603
2687
2652
2617
2641
2652
2622
2633
2695
2608
2620
2637
2632
2610
2639
2658
2699
2627
2650
2602
2697
2607
2682
2604
2604
2691
2699
2634
2621
2605
2693
2698
2647
2613
2644
2677
2617
2620
2634
2656
2686
2674
2667
2644
2625
2634
2691
2678
2647
2689
2654
2665
2677
2668
2652
2633
2611
2680
2607
2632
2679
2667
2603
2666
2664
2634
2628
2633
2615
2677
2652
2699
2603
2620
2700
2678
2641
2608
2613
2675
2667
2617
2648
2675
2674
2759
2715
2715
2787
2775
2714
2794
2726
2710
2706
2745
2755
2710
2793
2771
2763
2728
2796
2714
2739
2709
2779
2730
2712
2752
2741
2745
2778
2730
2760
2721
2738
2706
2716
2775
2732
2772
2709
2757
2715
2777
2717
2791
2727
2740
2799
2781
2721
2712
2724
2773
2741
2707
2731
2704
2722
2755
2736
2716
2792
2723
2780
2742
2739
2789
2745
2749
2777
2735
2712
2779
2740
2749
2780
2763
2777
2750
2725
2733
2701
2798
2778
2791
2742
2760
2746
2729
2711
2712
2797
2703
2774
2762
2771
2734
2711
2775
2773
2701
2750
2812
2831
2838
2866
2896
2879
2830
2824
2862
2817
2894
2831
2881
2885
2801
2865
2801
2886
2831
2868
2856
2856
2851
2852
2833
2860
2869
2868
2876
2872
2878
2852
2819
2830
2885
2837
2869
2807
2816
2813
2821
2865
2840
2843
2830
2882
2846
2803
2866
2880
2824
2879
2814
2857
2868
2813
2893
2872
2815
2856
2809
2831
2869
2891
2823
2856
2853
2873
2898
2807
2816
2872
2847
2841
2900
2829
2844
2820
2855
2836
2899
2847
2838
2809
2810
2897
2841
2874
2878
2822
2853
2825
2885
2821
2893
2870
2834
2850
2864
2835
2931
2927
2939
2976
2917
2975
2944
2953
2915
2939
2940
2911
2996
2933
2951
2986
2945
2963
2947
2922
2988
2960
2905
2926
2965
2998
2983
2926
2910
2992
2983
2993
2992
2948
2961
2941
2905
2918
2970
2983
2936
2959
2953
2992
2909
2976
2906
2931
2970
2931
2993
2930
2959
2992
2961
2946
2924
2942
2927
2982
2956
2982
2983
2964
2994
2957
2985
2904
2951
2957
2953
2935
2974
2997
2933
2920
2922
2965
2984
2926
2926
2962
2992
2945
2907
2923
2996
2963
2930
2958
2980
2991
2949
2907
2999
2989
2901
2910
2928
2937
3021
3025
3077
3082
3034
3008
3069
3007
3099
3032
3067
3092
3048
3003
3084
3100
3084
3093
3070
3020
3064
3053
3044
3052
3047
3064
3079
3034
3087
3004
3086
3007
3090
3046
3010
3070
3039
3040
3020
3064
3003
3072
3009
3098
3085
3090
3089
3050
3038
3094
3095
3085
3013
3099
3064
3066
3083
3041
3007
3040
3046
3045
3022
3098
3094
3031
3060
3016
3013
3029
3083
3091
3072
3043
3024
3066
3003
3063
3090
3036
3016
3001
3083
3093
3082
3025
3095
3052
3037
3066
3059
3088
3050
3023
3021
3011
3040
3017
3096
3005
3105
3188
3174
3149
3188
3123
3170
3190
3189
3119
3171
3161
3172
3120
3131
3146
3166
3158
3183
3119
3189
3163
3152
3112
3142
3150
3143
3198
3130
3105
3164
3103
3190
3148
3112
3170
3136
3165
3170
3124
3124
3181
3122
3106
3132
3121
3106
3163
3197
3182
3121
3199
3118
3175
3168
3130
3198
3116
3159
3182
3146
3172
3150
3135
3145
3101
3154
3157
3121
3157
3184
3190
3103
3165
3145
3155
3197
3192
3147
3136
3160
3193
3172
3115
3106
3159
3165
3132
3119
3171
3106
3120
3153
3157
3173
3194
3161
3116
3192
3155
3205
3278
3285
3258
3231
3203
3289
3295
3208
3207
3212
3229
3246
3276
3293
3231
3259
3267
3222
3212
3232
3250
3288
3239
3219
3215
3281
3274
3282
3248
3209
3267
3269
3253
3255
3298
3218
3212
3229
3202
3255
3276
3273
3290
3280
3290
3212
3228
3223
3219
3267
3284
3230
3290
3212
3232
3232
3277
3274
3217
3265
3281
3226
3206
3245
3215
3276
3296
3295
3279
3218
3245
3295
3229
3216
3203
3241
3207
3284
3218
3220
3266
3244
3282
3268
3233
3239
3202
3252
3256
3220
3285
3281
3239
3223
3211
3208
3205
3207
3254
3315
3337
3400
3352
3312
3327
3398
3352
3373
3312
3302
3376
3380
3341
3302
3377
3354
3393
3336
3390
3355
3388
3324
3316
3391
3379
3347
3375
3400
3390
3360
3391
3361
3304
3326
3306
3330
3317
3360
3377
3357
3320
3338
3358
3337
3392
3327
3301
3337
3318
3356
3387
3317
3376
3361
3340
3346
3328
3395
3398
3368
3356
3383
3330
3306
3366
3353
3339
3332
3346
3321
3346
3376
3387
3339
3309
3328
3303
3361
3341
3385
3342
3391
3338
3382
3322
3331
3311
3323
3334
3383
3390
3367
3341
3372
3357
3389
3322
3373
3301
3484
3485
3453
3463
3491
3401
3466
3473
3461
3458
3443
3415
3432
3443
3469
3475
3413
3452
3474
3440
3436
3449
3494
3478
3443
3459
3499
3483
3410
3477
3485
3497
3485
3411
3488
3437
3481
3467
3415
3421
3416
3440
3493
3482
3452
3464
3485
3485
3404
3443
3498
3466
3480
3470
3453
3480
3482
3490
3417
3496
3458
3486
3458
3425
3402
3424
3442
3446
3455
3404
3489
3422
3477
3470
3431
3442
3437
3458
3452
3480
3445
3486
3483
3471
3492
3408
3436
3492
3421
3424
3473
3468
3492
3465
3472
3497
3484
3463
3475
3467
3531
3560
3517
3567
3515
3528
3513
3558
3526
3539
3545
3525
3514
3547
3582
3574
3566
3588
3558
3519
3589
3519
3567
3551
3580
3534
3598
3568
3532
3534
3572
3536
3564
3572
3558
3521
3516
3514
3532
3572
3539
3509
3529
3592
3525
3564
3505
3571
3518
3552
3548
3573
3512
3564
3547
3568
3551
3586
3569
3571
3572
3571
3508
3533
3527
3554
3506
3539
3534
3503
3518
3547
3584
3535
3564
3548
3539
3510
3558
3557
3551
3554
3594
3549
3543
3539
3521
3505
3521
3587
3597
3578
3525
3595
3535
3599
3511
3529
3575
3582
3639
3629
3601
3687
3643
3618
3638
3633
3644
3665
3648
3654
3641
3614
3623
3656
3650
3620
3689
3641
3641
3648
3685
3687
3639
3682
3601
3616
3693
3674
3645
3658
3677
3662
3684
3608
3629
3649
3606
3681
3692
3617
3655
3661
3697
3646
3620
3633
3696
3646
3692
3624
3603
3642
3646
3693
3602
3683
3642
3638
3619
3635
3689
3622
3685
3666
3619
3674
3612
3652
3625
3609
3603
3681
3671
3646
3614
3620
3664
3608
3655
3618
3648
3658
3671
3619
3688
3698
3626
3659
3614
3619
3652
3630
3695
3638
3616
3659
3654
3669
3775
3727
3706
3767
3777
3782
3797
3789
3796
3723
3757
3751
3790
3724
3739
3759
3794
3790
3786
3746
3722
3706
3774
3792
3745
3798
3735
3751
3772
3791
3774
3769
3787
3727
3786
3747
3789
3712
3715
3750
3704
3763
3713
3771
3756
3732
3732
3784
3708
3747
3705
3782
3724
3716
3772
3770
3769
3704
3772
3796
3738
3780
3761
3714
3751
3731
3721
3748
3713
3799
3715
3781
3742
3741
3716
3743
3711
3766
3767
3727
3780
3747
3704
3774
3774
3701
3754
3755
3765
3762
3763
3727
3726
3764
3757
3757
3724
3799
3722
3771
3843
3811
3840
3886
3820
3832
3811
3856
3869
3857
3877
3897
3866
3892
3821
3825
3846
3872
3887
3801
3808
3819
3811
3889
3887
3815
3893
3896
3861
3879
3846
3852
3813
3899
3806
3853
3837
3804
3874
3865
3899
3806
3900
3894
3838
3833
3894
3840
3878
3887
3875
3886
3846
3887
3846
3816
3807
3867
3813
3884
3878
3852
3821
3817
3821
3896
3869
3846
3814
3853
3813
3872
3809
3801
3858
3834
3809
3883
3883
3886
3807
3824
3898
3816
3892
3851
3809
3900
3889
3802
3829
3845
3852
3801
3886
3805
3888
3806
3873
3813
3929
3904
3943
3965
3939
3966
3901
3917
3931
3936
3917
3963
3994
3947
3921
3906
3997
3962
3987
3956
3960
3957
3909
3983
3918
3903
3926
3934
3914
3977
3907
3906
3954
3948
3969
3937
3941
3936
3935
3940
3935
3955
3932
4000
3917
3958
3986
3935
3933
3928
3966
3949
3969
3984
3994
3967
3912
3984
3905
3952
3903
3984
3918
3973
3903
3986
3902
3959
3947
3909
3911
3909
3905
3920
3940
3977
3945
3955
3939
3937
3937
3913
3903
3966
3965
3979
3915
3959
3983
3974
3946
3920
3951
3940
3913
3955
3934
3956
3959
3980
4005
4063
4034
4037
4046
4039
4040
4021
4037
4055
4071
4055
4081
4006
4081
4008
4098
4073
4015
4020
4063
4008
4018
4086
4098
4069
4046
4094
4095
4024
4096
4036
4075
4063
4002
4057
4057
4001
4025
4077
4063
4022
4098
4077
4008
4086
4057
4018
4065
4035
4044
4043
4074
4011
4061
4001
4044
4003
4093
4027
4029
4061
4012
4038
4052
4032
4017
4051
4046
4037
4054
4049
4002
4088
4008
4058
4018
4057
4095
4033
4030
4033
4097
4030
4067
4030
4022
4097
4024
4086
4032
4018
4048
4016
4100
4011
4022
4003
4097
4009
4110
4140
4128
4107
4129
4108
4198
4108
4107
4140
4111
4124
4189
4171
4115
4199
4143
4193
4134
4187
4104
4169
4192
4116
4133
4191
4104
4170
4147
4189
4140
4197
4112
4172
4159
4146
4198
4136
4170
4154
4180
4114
4196
4156
4138
4117
4156
4160
4156
4180
4149
4119
4186
4101
4110
4183
4111
4168
4140
4147
4176
4192
4137
4117
4101
4143
4190
4132
4191
4142
4182
4144
4153
4143
4190
4188
4161
4122
4110
4151
4189
4119
4110
4188
4124
4106
4113
4125
4179
4171
4107
4192
4122
4120
4108
4147
4148
4137
4159
4145
4254
4210
4249
4258
4281
4275
4239
4293
4269
4223
4275
4234
4275
4279
4238
4215
4208
4216
4257
4244
4272
4278
4221
4242
4299
4247
4226
4253
4290
4228
4235
4242
4289
4258
4287
4268
4224
4295
4209
4267
4296
4280
4205
4279
4241
4295
4201
4283
4263
4286
4290
4253
4259
4291
4252
4256
4204
4223
4289
4277
4233
4226
4205
4287
4201
4300
4228
4202
4207
4238
4233
4209
4248
4213
4203
4288
4220
4204
4202
4241
4201
4209
4260
4253
4214
4241
4294
4219
4233
4249
4235
4277
4220
4298
4243
4211
4290
4237
4272
4204
4389
4308
4306
4339
4323
4309
4374
4303
4379
4345
4346
4312
4354
4329
4323
4378
4316
4393
4371
4310
4349
4325
4307
4312
4305
4312
4354
4346
4392
4325
4304
4306
4326
4374
4373
4346
4371
4337
4344
4379
4399
4378
4328
4309
4346
4338
4376
4306
4390
4353
4341
4390
4358
4331
4309
4369
4340
4329
4381
4325
4335
4376
4394
4336
4347
4391
4354
4354
4321
4385
4379
4311
4330
4367
4342
4327
4313
4372
4337
4368
4398
4311
4330
4310
4347
4326
4325
4350
4325
4396
4369
4312
4326
4346
4332
4350
4343
4327
4372
4378
4469
4485
4477
4489
4419
4476
4473
4479
4446
4458
4420
4447
4456
4498
4466
4476
4491
4423
4451
4430
4405
4485
4498
4454
4411
4446
4473
4492
4471
4402
4464
4415
4411
4493
4448
4424
4419
4434
4412
4457
4479
4437
4488
4477
4467
4427
4483
4448
4416
4450
4415
4484
4499
4409
4459
4468
4405
4493
4429
4474
4486
4429
4445
4452
4443
4432
4471
4472
4408
4472
4485
4488
4427
4457
4405
4449
4455
4477
4483
4487
4412
4411
4458
4442
4420
4414
4473
4417
4415
4483
4476
4444
4464
4475
4413
4458
4413
4491
4498
4437
4546
4511
4569
4576
4541
4574
4532
4542
4565
4544
4586
4593
4544
4506
4579
4551
4563
4542
4548
4558
4575
4507
4539
4575
4590
4568
4534
4512
4541
4554
4582
4594
4528
4577
4571
4526
4570
4591
4551
4530
4588
4516
4594
4577
4521
4546
4522
4583
4509
4541
4547
4574
4503
4587
4512
4573
4592
4537
4588
4507
4570
4525
4585
4569
4502
4584
4557
4502
4598
4554
4580
4512
4576
4514
4537
4539
4569
4568
4515
4522
4573
4521
4539
4550
4552
4549
4505
4527
4564
4576
4557
4582
4518
4519
4533
4581
4517
4516
4552
4535
4686
4605
4698
4664
4674
4665
4667
4636
4657
4696
4694
4620
4635
4692
4688
4613
4674
4626
4653
4682
4604
4656
4635
4682
4679
4622
4648
4678
4628
4603
4635
4693
4624
4637
4681
4649
4601
4685
4657
4628
4616
4661
4683
4633
4664
4609
4621
4660
4605
4601
4624
4620
4696
4618
4606
4606
4647
4612
4604
4700
4687
4683
4696
4618
4665
4681
4649
4633
4634
4647
4655
4634
4684
4669
4667
4653
4651
4665
4695
4682
4697
4664
4690
4646
4643
4644
4611
4679
4632
4686
4688
4631
4659
4695
4660
4611
4696
4695
4694
4643
4792
4705
4749
4771
4728
4714
4756
4796
4725
4706
4789
4748
4798
4713
4735
4733
4733
4765
4738
4705
4795
4707
4773
4779
4795
4743
4754
4746
4743
4737
4704
4747
4736
4717
4730
4786
4724
4741
4756
4770
4797
4775
4749
4730
4779
4785
4780
4799
4751
4765
4783
4747
4732
4757
4741
4744
4796
4768
4775
4739
4733
4796
4764
4741
4761
4747
4715
4736
4719
4722
4782
4759
4787
4729
4789
4723
4738
4772
4795
4758
4728
4704
4729
4793
4763
4718
4730
4710
4741
4773
4719
4709
4713
4759
4769
4721
4799
4741
4727
4704
4859
4812
4858
4827
4856
4845
4881
4823
4858
4850
4886
4852
4836
4827
4893
4848
4852
4887
4822
4834
4835
4898
4829
4837
4801
4864
4803
4835
4827
4881
4880
4859
4826
4825
4829
4890
4803
4892
4814
4803
4862
4870
4856
4855
4884
4829
4894
4860
4887
4839
4855
4850
4889
4828
4830
4847
4867
4813
4878
4835
4820
4887
4811
4808
4813
4891
4809
4824
4801
4889
4808
4871
4839
4849
4893
4809
4872
4814
4877
4860
4879
4820
4832
4827
4863
4878
4886
4829
4873
4823
4846
4813
4818
4825
4891
4848
4848
4839
4828
4814
4973
4949
4911
4902
4946
4967
4950
4984
4983
4939
4974
4961
4902
4984
4998
4941
4938
4904
4968
4906
4933
4914
4919
4977
4998
4961
4950
4946
4963
4997
4968
4958
4911
4918
4970
4949
4925
4976
4925
4962
4977
4991
4917
4910
4902
5000
4971
4940
4957
4910
4970
4920
4916
4942
4962
4971
4932
4950
4965
4923
4906
4920
4971
4913
4956
4902
4962
4915
4917
4960
4952
4905
4902
4994
4977
4979
4917
4936
4932
4941
5000
4993
4921
4971
4946
4946
4985
4972
4931
4940
4991
4927
4997
4957
4952
4979
4943
4901
4938
4961
5030
5010
5081
5088
5087
5068
5023
5046
5077
5024
5022
5010
5060
5083
5056
5024
5075
5008
5078
5094
5007
5004
5009
5045
5076
5068
5048
5049
5005
5029
5023
5026
5048
5035
5082
5070
5068
5094
5086
5036
5055
5019
5008
5068
5065
5063
5064
5031
5063
5074
5076
5062
5020
5085
5071
5013
5058
5037
5085
5069
5037
5088
5085
5039
5014
5015
5030
5045
5075
5039
5015
5060
5084
5010
5042
5100
5053
5050
5076
5051
5077
5024
5071
5044
5015
5031
5001
5020
5065
5004
5065
5037
5068
5061
5012
5075
5082
5014
5002
5052
5147
5152
5178
5124
5158
5177
5140
5160
5195
5186
5198
5188
5199
5180
5168
5153
5152
5130
5166
5190
5116
5116
5122
5111
5145
5161
5159
5171
5147
5199
5128
5175
5185
5155
5186
5120
5121
5196
5114
5110
5156
5166
5147
5151
5199
5140
5113
5107
5166
5131
5175
5122
5110
5162
5150
5137
5184
5126
5187
5130
5160
5167
5189
5118
5119
5102
5105
5153
5191
5167
5177
5136
5114
5194
5151
5156
5175
5197
5192
5167
5161
5185
5119
5173
5144
5182
5164
5153
5118
5126
5135
5185
5155
5130
5178
5157
5181
5196
5104
5178
5299
5281
5275
5252
5225
5251
5205
5246
5245
5207
5283
5266
5213
5204
5231
5262
5294
5240
5256
5209
5218
5264
5300
5240
5266
5300
5298
5267
5257
5258
5246
5300
5281
5251
5266
5284
5231
5236
5294
5234
5271
5234
5284
5226
5235
5297
5231
5250
5217
5243
5207
5259
5264
5233
5218
5294
5254
5229
5229
5230
5254
5274
5241
5271
5292
5285
5229
5238
5275
5205
5242
5235
5231
5221
5202
5269
5283
5227
5250
5280
5271
5261
5231
5273
5289
5240
5260
5275
5283
5280
5279
5253
5217
5282
5205
5286
5298
5287
5300
5252
5350
5354
5324
5382
5306
5366
5394
5365
5324
5330
5345
5329
5356
5348
5386
5377
5360
5301
5355
5360
5389
5358
5360
5344
5344
5373
5364
5301
5365
5372
5303
5328
5362
5332
5373
5390
5396
5379
5306
5320
5310
5330
5372
5348
5338
5353
5307
5397
5310
5384
5355
5357
5364
5303
5397
5331
5335
5316
5340
5393
5358
5333
5303
5305
5375
5366
5340
5328
5369
5344
5391
5396
5354
5396
5370
5390
5308
5359
5350
5336
5378
5358
5327
5317
5376
5335
5348
5383
5333
5326
5385
5326
5350
5387
5350
5346
5371
5344
5355
5363
5412
5479
5462
5435
5447
5495
5492
5434
5450
5432
5435
5425
5409
5486
5489
5476
5457
5453
5431
5494
5458
5491
5481
5423
5435
5407
5406
5493
5437
5423
5468
5460
5411
5466
5458
5403
5457
5407
5498
5409
5459
5410
5422
5430
5474
5440
5482
5404
5470
5451
5441
5401
5435
5479
5478
5449
5498
5404
5410
5453
5422
5454
5471
5443
5417
5459
5419
5402
5461
5413
5455
5486
5473
5410
5451
5442
5485
5496
5433
5442
5405
5427
5426
5472
5407
5475
5440
5439
5443
5480
5406
5482
5476
5461
5449
5411
5413
5452
5481
5475
5530
5547
5536
5546
5542
5508
5559
5585
5591
5559
5596
5509
5540
5558
5530
5527
5554
5506
5541
5590
5581
5536
5594
5584
5595
5552
5530
5580
5553
5521
5585
5557
5529
5595
5533
5561
5555
5503
5553
5535
5555
5508
5583
5530
5597
5527
5506
5530
5529
5552
5567
5545
5570
5552
5518
5550
5550
5580
5542
5523
5503
5588
5553
5522
5569
5533
5561
5534
5536
5596
5585
5527
5529
5531
5540
5540
5554
5512
5512
5518
5515
5534
5506
5553
5565
5512
5579
5546
5545
5584
5516
5528
5564
5539
5571
5533
5558
5515
5597
5530
5618
5660
5663
5667
5694
5633
5697
5656
5692
5667
5650
5689
5697
5603
5603
5657
5629
5672
5651
5695
5633
5680
5692
5610
5636
5687
5697
5686
5609
5663
5628
5692
5626
5604
5615
5670
5614
5613
5610
5637
5679
5685
5695
5684
5694
5687
5622
5614
5644
5603
5608
5689
5613
5640
5668
5646
5667
5668
5633
5641
5650
5697
5612
5652
5647
5655
5645
5672
5692
5695
5656
5697
5647
5633
5643
5696
5675
5606
5635
5699
5680
5686
5653
5644
5601
5609
5602
5603
5649
5602
5650
5637
5643
5615
5639
5643
5644
5624
5634
5661
5740
5704
5775
5760
5744
5785
5758
5731
5715
5737
5777
5777
5778
5781
5714
5720
5770
5714
5715
5705
5786
5720
5745
5756
5755
5771
5793
5741
5765
5730
5748
5713
5722
5798
5799
5735
5758
5715
5717
5730
5750
5795
5725
5716
5790
5791
5747
5745
5715
5772
5738
5726
5718
5711
5748
5757
5775
5704
5783
5757
5705
5726
5729
5736
5779
5711
5723
5745
5717
5740
5706
5746
5761
5772
5727
5727
5761
5770
5741
5799
5737
5721
5764
5723
5777
5747
5761
5732
5749
5750
5713
5712
5742
5764
5788
5786
5739
5739
5748
5763
5820
5840
5879
5801
5819
5832
5822
5830
5892
5852
5846
5858
5863
5811
5801
5871
5874
5860
5838
5809
5816
5818
5831
5829
5806
5879
5845
5900
5881
5880
5838
5849
5837
5847
5802
5825
5844
5824
5819
5854
5834
5830
5892
5886
5866
5874
5816
5847
5891
5849
5813
5840
5881
5803
5896
5829
5891
5852
5817
5860
5805
5840
5820
5806
5894
5836
5877
5864
5845
5843
5885
5875
5870
5876
5882
5808
5833
5836
5883
5850
5842
5812
5801
5837
5867
5897
5801
5807
5859
5888
5898
5855
5863
5826
5875
5835
5872
5876
5884
5828
5950
5961
5913
5904
5972
5981
5984
5954
5932
5979
5983
5906
5940
5979
5911
5928
5907
6000
5945
5972
5907
5937
5986
5905
5912
5903
5922
5987
5992
5987
5901
5951
5977
5963
5959
5945
5935
5910
5938
5905
5976
5978
5903
5999
5989
5927
5977
5930
5992
5933
5921
5952
5903
5975
5903
5998
6000
5945
5911
5954
5972
5997
5977
5935
5968
5940
5935
5908
5969
5911
5916
5909
5940
5941
5977
5970
5974
5915
5948
5977
5918
5979
5901
5966
5987
5916
5983
5959
5946
5906
5943
5930
5913
5966
5933
5919
5923
5996
5928
5946
6040
6044
6047
6079
6056
6093
6085
6050
6033
6081
6009
6030
6010
6095
6029
6022
6007
6098
6065
6082
6062
6073
6041
6088
6051
6009
6044
6026
6073
6067
6095
6006
6066
6029
6093
6037
6093
6081
6049
6084
6018
6011
6035
6081
6011
6099
6068
6069
6099
6050
6026
6036
6077
6035
6031
6055
6054
6075
6057
6090
6094
6042
6011
6061
6029
6029
6100
6020
6087
6045
6027
6004
6007
6022
6002
6030
6014
6085
6007
6075
6018
6020
6076
6038
6046
6011
6050
6020
6022
6092
6019
6002
6075
6092
6041
6070
6046
6090
6079
6097
6168
6161
6155
6153
6179
6130
6178
6186
6122
6136
6125
6175
6114
6195
6177
6102
6197
6161
6145
6158
6130
6148
6199
6186
6155
6126
6141
6182
6133
6198
6178
6134
6195
6138
6147
6187
6154
6162
6195
6159
6127
6193
6151
6169
6189
6137
6131
6153
6195
6121
6149
6147
6192
6158
6174
6158
6175
6130
6154
6192
6190
6133
6142
6185
6165
6139
6124
6136
6107
6116
6138
6142
6182
6118
6137
6174
6165
6140
6144
6120
6131
6184
6166
6175
6150
6159
6109
6149
6198
6146
6197
6110
6185
6169
6133
6168
6152
6164
6177
6105
6220
6210
6237
6240
6290
6293
6286
6242
6292
6225
6207
6233
6290
6277
6212
6215
6286
6283
6290
6217
6296
6229
6206
6224
6253
6284
6221
6265
6260
6258
6240
6220
6279
6221
6290
6267
6232
6238
6291
6292
6295
6300
6244
6206
6215
6248
6222
6230
6218
6214
6215
6229
6210
6288
6244
6295
6296
6295
6228
6278
6203
6216
6242
6205
6257
6236
6284
6264
6211
6247
6260
6285
6274
6296
6300
6242
6299
6270
6229
6281
6259
6232
6235
6277
6255
6277
6293
6207
6237
6202
6220
6293
6216
6278
6243
6239
6282
6229
6295
6272
6343
6314
6376
6368
6341
6390
6369
6336
6317
6357
6328
6340
6377
6380
6394
6353
6376
6342
6342
6375
6395
6381
6372
6388
6320
6312
6374
6315
6354
6334
6351
6373
6309
6346
6336
6398
6356
6326
6329
6386
6393
6395
6384
6354
6344
6363
6325
6377
6380
6338
6370
6371
6400
6363
6385
6329
6377
6395
6332
6316
6329
6320
6345
6301
6304
6336
6360
6362
6311
6348
6319
6330
6396
6360
6377
6383
6396
6341
6394
6377
6376
6390
6319
6336
6330
6358
6365
6391
6311
6330
6313
6339
6367
6311
6391
6354
6397
6382
6351
6393
6498
6476
6450
6498
6477
6442
6426
6428
6493
6430
6467
6413
6442
6489
6405
6450
6494
6496
6462
6401
6448
6445
6444
6408
6456
6478
6407
6434
6431
6494
6470
6470
6437
6473
6445
6445
6496
6443
6464
6469
6431
6461
6482
6473
6449
6407
6446
6420
6432
6433
6406
6405
6495
6457
6494
6461
6468
6463
6464
6444
6454
6459
6497
6466
6483
6441
6429
6483
6422
6491
6475
6421
6445
6404
6441
6485
6410
6420
6440
6459
6460
6423
6471
6466
6461
6449
6430
6429
6414
6408
6438
6447
6423
6446
6467
6449
6490
6425
6415
6419
6583
6544
6550
6589
6581
6521
6591
6574
6531
6557
6539
6522
6590
6592
6580
6532
6588
6505
6533
6562
6544
6558
6589
6505
6530
6506
6597
6538
6508
6512
6588
6571
6529
6576
6506
6512
6549
6512
6593
6534
6504
6565
6564
6561
6586
6582
6581
6562
6580
6581
6507
6516
6556
6585
6557
6549
6585
6579
6539
6557
6594
6541
6527
6546
6514
6570
6503
6567
6543
6543
6585
6574
6536
6536
6563
6562
6544
6510
6575
6522
6508
6574
6540
6508
6584
6576
6503
6506
6590
6541
6560
6583
6536
6543
6595
6600
6530
6566
6592
6509
6653
6684
6657
6606
6671
6607
6612
6603
6671
6687
6604
6603
6696
6611
6663
6674
6638
6644
6641
6654
6625
6697
6601
6664
6666
6607
6647
6653
6696
6673
6602
6675
6628
6661
6647
6643
6614
6689
6606
6664
6629
6692
6602
6649
6625
6652
6661
6693
6607
6609
6617
6616
6641
6626
6634
6659
6616
6677
6648
6641
6624
6658
6617
6620
6648
6656
6689
6683
6624
6638
6654
6686
6620
6624
6647
6688
6606
6678
6681
6674
6635
6647
6666
6700
6646
6664
6622
6653
6666
6657
6647
6680
6631
6665
6636
6613
6689
6621
6610
6615
6773
6714
6704
6796
6797
6800
6733
6772
6791
6704
6784
6792
6702
6798
6716
6766
6713
6704
6738
6765
6708
6754
6733
6702
6716
6770
6776
6786
6743
6746
6778
6760
6730
6758
6767
6727
6725
6788
6735
6781
6781
6710
6718
6763
6772
6709
6779
6750
6717
6708
6790
6703
6710
6757
6776
6751
6748
6754
6797
6754
6726
6721
6714
6724
6747
6725
6788
6786
6790
6723
6750
6719
6735
6788
6754
6789
6749
6738
6736
6760
6754
6714
6793
6773
6731
6758
6766
6731
6766
6712
6782
6729
6722
6735
6784
6748
6726
6787
6702
6710
6833
6859
6884
6894
6826
6839
6813
6851
6808
6878
6861
6827
6893
6842
6816
6888
6833
6837
6870
6826
6830
6832
6848
6836
6826
6892
6822
6861
6894
6820
6895
6827
6878
6830
6855
6878
6845
6874
6899
6896
6879
6896
6880
6873
6890
6826
6814
6835
6866
6842
6860
6892
6805
6863
6834
6867
6896
6820
6879
6833
6844
6845
6837
6872
6813
6861
6849
6895
6857
6877
6832
6885
6848
6895
6876
6801
6803
6892
6828
6815
6836
6860
6885
6881
6866
6848
6838
6897
6898
6854
6847
6886
6898
6869
6836
6866
6858
6808
6892
6806
6945
6988
6971
6909
6969
6998
6933
6936
6979
6920
6934
6935
6921
6956
6971
6953
6914
6903
6989
6934
6950
6911
6966
6999
6987
6996
6913
6932
6988
6902
6975
6961
6957
6960
6944
6962
7000
6946
6967
6988
6955
6904
6952
6997
6978
6902
6948
6905
7000
6956
6902
6987
6938
6935
6948
6919
6988
6903
6928
6990
6925
6953
6990
6997
6958
6956
6941
6964
6982
6963
6999
6986
6913
6982
6961
6909
6907
6950
6986
6923
6908
6928
6919
6960
6999
6970
6941
6920
6988
6901
6904
6937
6979
6927
6922
6958
6915
6952
6964
6932
7007
7097
7067
7014
7044
7081
7018
7076
7088
7015
7063
7096
7059
7078
7045
7016
7037
7040
7022
7020
7060
7038
7035
7045
7044
7072
7053
7061
7048
7065
7081
7053
7027
7071
7037
7012
7053
7029
7078
7081
7089
7019
7054
7068
7001
7050
7007
7024
7068
7076
7094
7097
7011
7030
7046
7089
7066
7022
7081
7080
7010
7022
7034
7032
7042
7018
7080
7048
7035
7015
7030
7021
7042
7092
7032
7084
7088
7069
7023
7063
7080
7051
7037
7054
7029
7034
7084
7034
7090
7100
7029
7072
7025
7035
7025
7001
7036
7062
7072
7059
7135
7182
7182
7164
7186
7186
7199
7134
7154
7186
7170
7118
7181
7133
7179
7183
7175
7145
7171
7151
7104
7141
7133
7142
7127
7157
7138
7123
7197
7195
7157
7183
7188
7122
7145
7121
7191
7131
7185
7200
7143
7149
7191
7136
7114
7126
7140
7147
7168
7140
7128
7165
7196
7130
7125
7172
7191
7166
7119
7174
7184
7145
7115
7141
7138
7191
7192
7153
7187
7177
7120
7128
7114
7142
7184
7110
7105
7181
7152
7192
7197
7189
7158
7144
7162
7190
7137
7104
7110
7168
7186
7184
7115
7187
7110
7193
7126
7126
7107
7107
7220
7230
7278
7223
7243
7210
7274
7247
7280
7259
7268
7229
7241
7278
7274
7238
7274
7203
7254
7240
7226
7223
7219
7226
7208
7258
7243
7248
7223
7254
7238
7215
7232
7271
7234
7214
7299
7212
7236
7236
7217
7208
7279
7250
7224
7238
7252
7294
7260
7223
7266
7286
7259
7297
7223
7234
7257
7250
7221
7296
7234
7267
7264
7223
7296
7295
7252
7235
7257
7208
7283
7217
7210
7220
7284
7267
7267
7274
7243
7298
7232
7267
7219
7220
7275
7252
7206
7272
7244
7211
7244
7255
7274
7266
7221
7212
7300
7297
7249
7280
7301
7302
7371
7349
7376
7391
7365
7328
7361
7372
7380
7346
7381
7311
7320
7308
7309
7371
7396
7355
7346
7376
7308
7327
7339
7330
7371
7321
7304
7344
7355
7332
7316
7347
7304
7368
7327
7332
7306
7317
7371
7306
7363
7303
7373
7343
7345
7324
7338
7315
7368
7364
7367
7314
7369
7318
7346
7351
7336
7347
7372
7317
7380
7350
7301
7346
7365
7367
7367
7388
7369
7318
7332
7351
7351
7333
7398
7303
7378
7394
7348
7394
7307
7326
7371
7341
7375
7382
7303
7313
7380
7309
7372
7388
7367
7400
7333
7308
7346
7394
7472
7479
7427
7407
7484
7460
7493
7459
7489
7498
7479
7477
7443
7406
7485
7450
7458
7449
7459
7413
7452
7401
7413
7428
7440
7453
7451
7425
7499
7403
7405
7468
7490
7457
7497
7440
7412
7452
7449
7466
7438
7469
7449
7428
7417
7435
7477
7432
7404
7418
7404
7417
7415
7434
7429
7423
7427
7415
7455
7464
7492
7489
7412
7490
7473
7477
7414
7445
7408
7459
7406
7413
7478
7440
7499
7493
7409
7467
7484
7415
7416
7475
7417
7440
7432
7420
7456
7436
7443
7423
7484
7427
7499
7457
7483
7451
7429
7412
7430
7498
7590
7529
7597
7588
7551
7598
7593
7587
7516
7580
7541
7567
7568
7549
7572
7564
7562
7528
7588
7599
7502
7549
7523
7537
7576
7524
7508
7539
7501
7542
7597
7531
7600
7539
7590
7549
7517
7529
7539
7506
7592
7541
7501
7561
7511
7568
7513
7507
7597
7592
7567
7505
7554
7521
7577
7558
7560
7581
7549
7600
7579
7571
7511
7561
7562
7576
7592
7525
7594
7511
7545
7569
7565
7563
7588
7520
7592
7592
7526
7556
7549
7522
7585
7558
7561
7510
7545
7529
7502
7544
7594
7527
7521
7587
7552
7598
7555
7512
7588
7519
7661
7685
7623
7658
7678
7648
7670
7633
7700
7609
7628
7695
7692
7606
7644
7677
7632
7614
7662
7628
7615
7613
7633
7687
7624
7645
7689
7679
7611
7604
7626
7620
7674
7674
7665
7656
7643
7626
7670
7660
7603
7606
7668
7663
7643
7614
7690
7622
7683
7687
7679
7690
7618
7617
7676
7650
7604
7674
7669
7684
7619
7699
7637
7615
7632
7672
7624
7615
7645
7672
7693
7668
7674
7644
7637
7614
7664
7644
7651
7650
7602
7682
7673
7679
7651
7646
7667
7700
7602
7646
7631
7666
7698
7637
7610
7614
7609
7693
7691
7611
7727
7731
7726
7778
7799
7723
7707
7703
7714
7768
7788
7765
7761
7778
7781
7787
7703
7739
7720
7738
7724
7777
7797
7767
7744
7734
7793
7717
7735
7786
7706
7776
7741
7710
7762
7753
7739
7798
7774
7766
7742
7728
7781
7710
7716
7721
7760
7742
7741
7733
7797
7771
7702
7715
7791
7768
7794
7759
7713
7749
7739
7711
7749
7766
7740
7749
7761
7717
7765
7723
7722
7747
7759
7770
7798
7702
7763
7749
7752
7760
7701
7798
7726
7764
7734
7759
7791
7750
7735
7723
7767
7793
7745
7768
7768
7761
7767
7732
7762
7784
7891
7860
7844
7802
7834
7889
7846
7856
7865
7839
7891
7837
7848
7897
7812
7881
7895
7850
7846
7883
7808
7838
7810
7878
7829
7812
7892
7801
7887
7840
7899
7835
7836
7814
7886
7899
7822
7849
7890
7817
7808
7835
7864
7845
7890
7886
7867
7881
7833
7864
7889
7813
7816
7812
7895
7872
7835
7856
7815
7850
7879
7804
7805
7865
7879
7825
7862
7858
7827
7835
7873
7900
7866
7884
7851
7808
7898
7814
7839
7812
7875
7809
7899
7850
7848
7894
7854
7886
7887
7804
7887
7900
7868
7876
7887
7895
7870
7888
7859
7883
7982
7958
7905
7974
7945
7924
7989
7995
7992
7939
7983
7999
7982
7976
7928
7992
7911
7975
7907
7972
7929
7932
7967
7948
7997
7925
7919
7988
7939
7944
7989
7914
7966
7946
7971
7978
7939
7921
7948
7992
7993
7944
7904
7982
7955
7910
7924
7937
7953
7951
7989
7935
7997
7995
7923
7912
7922
7937
7917
7974
7940
7934
7980
7999
7903
7963
7950
7985
7909
8000
7946
7972
7972
7986
7902
7956
7988
7971
7947
7951
7983
7907
7949
7943
7970
7947
7907
7937
7976
7982
7943
7997
7943
7959
7948
7982
7930
7922
7940
7914
8083
8032
8053
8023
8065
8039
8036
8062
8078
8011
8006
8076
8056
8034
8054
8055
8014
8002
8075
8019
8098
8012
8063
8014
8097
8002
8082
8087
8055
8058
8062
8074
8025
8079
8011
8054
8009
8094
8003
8067
8037
8005
8079
8022
8089
8092
8033
8076
8043
8089
8080
8027
8052
8001
8005
8056
8058
8013
8081
8042
8028
8092
8019
8009
8023
8067
8079
8099
8067
8007
8066
8095
8045
8039
8008
8008
8029
8089
8014
8009
8078
8099
8044
8039
8055
8023
8023
8056
8066
8058
8072
8095
8024
8034
8009
8030
8089
8089
8038
8091
8184
8155
8162
8172
8114
8151
8124
8114
8148
8118
8101
8115
8168
8194
8141
8184
8135
8129
8191
8182
8165
8107
8141
8115
8156
8146
8133
8137
8154
8173
8138
8191
8143
8188
8155
8144
8200
8138
8187
8139
8159
8154
8101
8121
8123
8196
8182
8107
8102
8152
8177
8181
8194
8164
8167
8180
8118
8199
8178
8199
8196
8139
8137
8149
8128
8104
8105
8159
8163
8151
8125
8133
8117
8114
8187
8192
8144
8170
8199
8102
8115
8167
8187
8190
8147
8199
8179
8163
8114
8118
8142
8104
8169
8118
8149
8182
8108
8195
8111
8158
8282
8228
8235
8223
8287
8264
8210
8203
8219
8232
8213
8206
8287
8278
8219
8252
8278
8258
8239
8201
8202
8285
8218
8263
8291
8255
8272
8231
8222
8279
8249
8284
8219
8287
8263
8201
8284
8250
8299
8219
8272
8253
8282
8252
8248
8265
8229
8243
8289
8234
8261
8248
8241
8238
8281
8265
8236
8238
8277
8270
8279
8210
8293
8222
8236
8277
8215
8247
8256
8235
8262
8268
8214
8207
8240
8226
8206
8292
8275
8228
8274
8267
8284
8285
8276
8205
8240
8201
8281
8287
8224
8253
8222
8268
8257
8219
8254
8246
8202
8213
8368
8392
8366
8393
8371
8344
8353
8382
8387
8392
8375
8387
8327
8357
8367
8349
8309
8348
8331
8312
8334
8349
8358
8318
8388
8311
8362
8352
8338
8385
8340
8319
8315
8351
8384
8378
8342
8357
8331
8315
8314
8361
8309
8303
8306
8348
8393
8310
8336
8305
8381
8389
8359
8322
8305
8383
8396
8385
8347
8305
8386
8324
8309
8329
8394
8326
8400
8312
8330
8389
8357
8396
8328
8309
8326
8317
8324
8371
8347
8394
8328
8319
8371
8365
8364
8312
8311
8335
8386
8333
8301
8393
8331
8381
8365
8395
8396
8376
8397
8327
8488
8422
8412
8467
8463
8402
8434
8429
8401
8483
8494
8483
8473
8471
8445
8499
8441
8404
8490
8497
8415
8403
8460
8468
8437
8473
8488
8497
8457
8498
8404
8462
8449
8406
8410
8427
8423
8491
8469
8429
8461
8488
8495
8463
8467
8451
8494
8492
8462
8465
8448
8447
8426
8420
8499
8456
8479
8432
8459
8435
8446
8407
8465
8473
8431
8478
8460
8495
8443
8432
8478
8420
8423
8453
8500
8452
8468
8449
8431
8467
8454
8477
8473
8500
8463
8499
8463
8498
8471
8465
8413
8481
8438
8403
8471
8454
8451
8418
8467
8433
8511
8597
8530
8576
8525
8592
8567
8532
8585
8513
8524
8565
8531
8526
8555
8511
8507
8572
8532
8592
8528
8505
8566
8507
8582
8518
8511
8546
8529
8589
8594
8600
8531
8575
8564
8525
8590
8503
8571
8510
8556
8521
8544
8565
8511
8593
8563
8530
8562
8512
8573
8538
8545
8572
8582
8505
8521
8597
8509
8579
8521
8521
8589
8552
8544
8517
8586
8592
8573
8583
8544
8561
8528
8507
8552
8556
8584
8542
8570
8516
8514
8509
8583
8555
8524
8574
8597
8571
8588
8531
8540
8593
8587
8572
8576
8560
8522
8520
8517
8544
8612
8675
8687
8683
8654
8614
8612
8698
8676
8660
8611
8641
8646
8613
8606
8692
8647
8655
8640
8661
8649
8680
8613
8683
8686
8691
8691
8678
8644
8651
8696
8662
8649
8657
8622
8663
8681
8654
8687
8674
8696
8656
8649
8601
8695
8604
8653
8640
8659
8694
8669
8696
8647
8645
8628
8674
8616
8657
8631
8629
8642
8609
8617
8666
8653
8671
8691
8661
8697
8680
8614
8696
8700
8634
8638
8608
8663
8692
8605
8688
8685
8616
8698
8666
8623
8661
8680
8637
8616
8616
8671
8681
8661
8693
8641
8635
8624
8618
8689
8604
8739
8771
8761
8782
8724
8754
8774
8794
8733
8711
8794
8727
8719
8717
8726
8732
8779
8776
8774
8777
8721
8738
8778
8754
8704
8728
8771
8726
8742
8758
8788
8798
8791
8799
8767
8793
8776
8800
8795
8787
8790
8752
8775
8710
8750
8769
8781
8799
8711
8770
8745
8794
8788
8788
8746
8712
8743
8780
8720
8710
8743
8799
8756
8710
8795
8721
8709
8759
8728
8795
8779
8711
8781
8776
8797
8753
8794
8768
8799
8753
8730
8708
8767
8783
8702
8758
8718
8791
8707
8708
8792
8764
8747
8788
8757
8788
8721
8775
8742
8740
8840
8821
8896
8854
8891
8810
8892
8839
8822
8857
8876
8895
8836
8869
8866
8824
8869
8808
8899
8847
8887
8808
8831
8875
8874
8834
8899
8840
8825
8831
8895
8843
8827
8828
8888
8860
8875
8802
8859
8816
8852
8877
8801
8890
8834
8817
8806
8874
8846
8829
8847
8804
8812
8801
8856
8803
8876
8893
8871
8878
8882
8869
8816
8809
8847
8808
8862
8881
8857
8880
8843
8801
8823
8804
8804
8844
8867
8812
8892
8809
8845
8802
8896
8822
8869
8802
8875
8874
8892
8865
8864
8818
8900
8823
8873
8869
8842
8855
8822
8865
8986
8920
8935
8930
8982
8921
8963
8959
8936
8939
8940
9000
8918
8947
8912
8957
8911
8999
8902
8990
8916
8982
8993
8912
8964
8963
8965
8928
8965
8991
8944
8956
8953
8999
8929
8946
8927
8962
8993
8913
8912
8941
8974
8999
8932
8904
8945
8946
8921
8901
8919
8911
8910
8935
8945
8924
8957
8985
8933
8937
8969
8969
8909
8958
8963
8932
8987
8953
8988
8989
8958
8972
8983
8918
8973
8923
8925
8940
8902
8979
8927
8991
8907
8986
8959
8901
8925
8938
8956
8923
8992
8917
8916
8961
8968
8931
8975
8976
8977
8960
9058
9071
9071
9023
9050
9079
9058
9016
9084
9037
9003
9009
9098
9061
9037
9002
9019
9012
9050
9058
9024
9039
9087
9072
9055
9099
9060
9060
9054
9065
9012
9023
9001
9004
9058
9033
9012
9059
9024
9021
9020
9053
9033
9036
9013
9051
9066
9092
9083
9059
9065
9060
9053
9036
9094
9045
9082
9071
9091
9023
9070
9041
9008
9077
9069
9099
9069
9040
9045
9090
9016
9063
9067
9081
9010
9028
9060
9062
9022
9100
9057
9068
9012
9008
9072
9090
9045
9016
9093
9012
9068
9005
9074
9080
9005
9095
9062
9094
9082
9075
9166
9188
9150
9185
9163
9108
9160
9126
9132
9120
9144
9116
9121
9121
9137
9183
9140
9150
9171
9186
9139
9195
9132
9171
9119
9132
9186
9112
9104
9127
9135
9137
9199
9150
9118
9184
9109
9132
9150
9132
9185
9184
9173
9167
9173
9175
9183
9131
9118
9115
9113
9119
9174
9136
9141
9107
9159
9155
9128
9117
9151
9111
9183
9132
9167
9143
9195
9155
9129
9195
9180
9124
9178
9131
9133
9119
9148
9142
9178
9129
9121
9137
9158
9158
9189
9166
9140
9130
9138
9164
9150
9141
9167
9141
9170
9151
9198
9136
9137
9147
9287
9234
9234
9216
9267
9295
9279
9285
9214
9265
9258
9201
9245
9236
9211
9251
9207
9295
9238
9289
9203
9220
9285
9241
9287
9267
9261
9206
9244
9203
9226
9255
9207
9289
9288
9241
9212
9299
9272
9208
9214
9250
9288
9260
9279
9249
9260
9251
9206
9297
9258
9298
9278
9233
9245
9229
9249
9215
9258
9220
9278
9218
9296
9240
9205
9219
9279
9216
9246
9299
9223
9292
9226
9235
9259
9264
9238
9235
9240
9274
9296
9253
9228
9287
9240
9261
9221
9260
9247
9274
9287
9207
9292
9244
9264
9238
9281
9250
9285
9255
9337
9376
9378
9303
9392
9353
9390
9379
9383
9322
9320
9343
9394
9398
9312
9378
9356
9319
9331
9310
9326
9380
9375
9322
9317
9326
9349
9375
9358
9360
9308
9392
9347
9397
9399
9322
9353
9339
9367
9363
9365
9307
9372
9323
9332
9366
9391
9313
9342
9336
9328
9360
9335
9368
9338
9345
9321
9310
9340
9350
9342
9398
9319
9302
9347
9378
9350
9316
9309
9335
9361
9309
9360
9393
9371
9397
9370
9383
9343
9386
9375
9363
9331
9361
9368
9364
9308
9380
9304
9310
9349
9305
9327
9395
9314
9308
9322
9303
9384
9322
9472
9431
9448
9414
9453
9488
9486
9450
9500
9410
9414
9411
9454
9496
9458
9478
9422
9454
9489
9447
9432
9489
9407
9461
9415
9417
9421
9460
9470
9453
9473
9435
9406
9456
9465
9488
9495
9484
9477
9413
9442
9495
9438
9487
9488
9439
9474
9499
9445
9443
9478
9434
9462
9492
9411
9405
9484
9446
9428
9404
9467
9499
9437
9456
9415
9414
9406
9409
9443
9446
9448
9439
9444
9410
9405
9457
9444
9433
9454
9423
9493
9474
9429
9433
9456
9402
9417
9437
9479
9455
9408
9482
9452
9477
9435
9420
9447
9409
9405
9464
9572
9593
9514
9535
9509
9598
9575
9527
9591
9517
9507
9571
9573
9561
9532
9560
9553
9547
9600
9562
9596
9572
9512
9513
9545
9564
9592
9557
9522
9568
9569
9520
9526
9525
9563
9570
9547
9580
9526
9504
9564
9575
9553
9514
9511
9570
9526
9544
9550
9511
9501
9552
9575
9568
9507
9509
9518
9519
9571
9583
9551
9600
9586
9507
9538
9503
9532
9592
9524
9528
9527
9600
9547
9503
9523
9589
9597
9506
9595
9579
9514
9571
9520
9590
9512
9561
9551
9525
9568
9550
9526
9547
9548
9569
9588
9516
9591
9517
9529
9512
9670
9638
9623
9631
9693
9654
9626
9675
9649
9621
9623
9690
9601
9678
9692
9697
9607
9625
9684
9603
9687
9693
9654
9645
9679
9631
9691
9698
9686
9605
9670
9622
9663
9654
9693
9696
9677
9623
9650
9645
9605
9603
9695
9637
9692
9604
9674
9636
9644
9609
9620
9610
9662
9649
9646
9676
9642
9645
9636
9603
9626
9627
9670
9607
9616
9627
9684
9673
9700
9634
9610
9646
9659
9695
9669
9672
9606
9602
9606
9700
9658
9637
9624
9662
9653
9697
9700
9684
9643
9653
9662
9606
9632
9621
9634
9691
9613
9606
9618
9641
9749
9748
9787
9759
9741
9758
9727
9704
9756
9715
9783
9720
9775
9792
9705
9743
9701
9725
9713
9750
9715
9725
9728
9715
9791
9721
9706
9741
9734
9787
9707
9708
9776
9748
9733
9711
9744
9796
9744
9799
9753
9755
9702
9765
9785
9743
9710
9773
9781
9757
9796
9738
9714
9725
9712
9789
9775
9759
9785
9794
9775
9762
9701
9786
9786
9798
9787
9731
9784
9733
9704
9770
9750
9738
9770
9771
9714
9758
9791
9748
9709
9774
9758
9759
9756
9703
9761
9722
9749
9769
9772
9753
9712
9710
9714
9799
9774
9747
9706
9770
9805
9896
9871
9870
9822
9833
9841
9876
9852
9805
9816
9884
9854
9827
9879
9858
9805
9841
9880
9873
9804
9853
9851
9890
9865
9852
9844
9807
9893
9889
9861
9809
9899
9867
9857
9817
9837
9803
9804
9835
9832
9888
9853
9865
9831
9881
9891
9834
9877
9881
9851
9850
9812
9862
9801
9831
9853
9844
9853
9854
9858
9822
9882
9856
9869
9868
9807
9873
9836
9832
9814
9802
9890
9822
9899
9851
9853
9862
9889
9848
9859
9817
9804
9861
9878
9804
9839
9841
9846
9874
9876
9824
9885
9866
9879
9862
9841
9872
9856
9804
9930
9936
9909
9949
9946
10000
9980
9950
9931
9936
9973
9927
9941
9953
9981
9918
9945
9984
9932
9947
9950
9914
9993
9945
9967
9979
9920
9975
9933
9922
9983
9908
9999
9912
9978
9973
9980
9946
9994
9982
9922
9991
9965
9940
9957
9939
9968
9929
9910
9945
9913
9910
9958
9911
9936
9977
9931
9927
9914
9936
9919
9984
9926
9943
9948
9963
9925
9962
9924
9944
9936
9975
9965
9933
9975
9966
9997
9913
9992
9926
9936
9903
9906
9925
9931
9998
9942
9953
9994
9969
9969
9941
9953
9980
9924
9947
9969
9905
9909
9967
