126
180
240
409
483
939
999
1170
1299
1316
1464
1506
1539
1546
1553
1609
1763
2019
2112
2125
2207
2234
2534
2613
2650
2658
2684
2724
2819
2845
3007
3337
3350
3412
3564
3607
3620
3679
3778
3780
4009
4067
4103
4154
4276
4278
4289
4310
4462
4463
4512
4675
4732
4978
5007
5135
5211
5338
5364
5446
5502
5518
5668
5695
6223
6327
6508
6627
6721
6749
6801
6973
6979
7016
7084
7201
7249
7446
7511
7560
7602
7616
7635
7905
7913
8082
8289
8557
8595
8645
8663
8960
9120
9179
9385
9436
9605
9616
9738
9887
148
183
320
548
554
637
639
766
822
894
905
997
1142
1305
1486
1501
1519
1644
1729
1743
2269
2474
2676
2898
2947
3119
3204
3206
3214
3219
3269
3389
3443
3658
3730
3877
4011
4024
4054
4132
4169
4226
4275
4372
4387
4511
4549
4636
4654
4717
4837
4847
4895
5020
5147
5269
5301
5340
5345
5353
5386
5441
5659
5681
5821
5876
6029
6083
6185
6229
6276
6441
6500
6818
6819
6946
7036
7057
7142
7142
7150
7205
7206
7313
7616
7827
7953
8186
8188
8350
8934
9044
9179
9185
9367
9491
9658
9802
9941
9987
30
408
731
772
824
836
1043
1323
1345
1388
1462
1499
1567
1659
1709
1756
1959
2293
2344
2353
2413
2490
2660
2714
2750
3013
3048
3120
3232
3239
3308
3739
3915
4013
4083
4110
4632
4680
4684
4736
4807
4971
4977
5104
5356
5465
5499
5643
5679
5722
5737
5755
5883
5952
6019
6020
6413
6417
6536
6549
6565
6682
6690
6838
6921
7082
7205
7224
7244
7267
7280
7307
7321
7352
7398
7484
7497
7551
7813
8088
8204
8214
8268
8508
8531
8582
8587
8969
9003
9038
9429
9460
9682
9717
9719
9730
9757
9804
9909
9913
73
89
91
146
158
194
358
438
465
504
506
605
958
966
1123
1151
1240
1240
1290
1365
1923
1950
1971
2068
2078
2135
2146
2180
2186
2361
2456
2508
2537
2719
2753
2813
3053
3104
3160
3222
3449
3486
3924
4402
4622
4698
5199
5204
5261
5261
5277
5471
5510
5760
5945
6047
6124
6346
6363
6423
6425
6462
6489
6560
6575
6595
6627
6915
6991
7073
7199
7296
7428
7447
7662
7728
7863
7879
7888
8147
8210
8212
8327
8518
8559
8713
8742
8767
9019
9149
9153
9241
9242
9326
9587
9603
9694
9751
9788
9994
38
78
276
376
517
523
631
802
804
839
1029
1571
1659
2058
2067
2269
2337
2372
2463
2562
2595
2647
2666
2775
3152
3209
3275
3282
3321
3639
4136
4228
4261
4526
4609
4617
4632
4662
4707
4732
4789
4828
4988
5135
5251
5301
5400
5426
5477
5480
5559
5667
6043
6189
6361
6471
6496
6496
6546
6572
6581
6672
6876
7087
7290
7746
7891
7907
7994
8024
8053
8059
8098
8160
8265
8304
8322
8453
8463
8546
8615
8792
8920
8920
9100
9136
9202
9203
9220
9243
9371
9388
9401
9469
9656
9716
9720
9799
9818
9953
71
221
377
603
676
687
811
1049
1098
1109
1528
1668
1679
1709
1765
1825
1904
2007
2115
2165
2521
2807
2827
2833
2835
2941
2970
3003
3047
3107
3150
3578
3638
3675
3907
3923
3989
4049
4053
4104
4137
4216
4245
4269
4316
4440
4491
4631
4637
4886
5030
5167
5208
5435
5568
5652
5671
5780
5783
5847
5943
5943
5959
6028
6067
6100
6334
6404
6520
6539
6577
6588
6624
6750
6837
6912
7044
7268
7276
7377
7547
7645
7754
7799
8090
8135
8194
8196
8288
8377
8750
8972
9136
9221
9318
9483
9511
9522
9608
9715
91
103
136
247
255
259
808
811
863
1019
1028
1207
1215
1307
1438
1593
1632
1755
1845
1968
2024
2252
2383
2618
2964
2990
3046
3286
3471
3475
3530
3580
3605
3699
3745
3969
4015
4237
4262
4307
4332
4421
4571
4623
4676
4725
4910
5002
5053
5262
5265
5450
5512
5531
5589
5598
5613
5648
5939
5968
6051
6434
6489
6631
6715
6734
6969
7151
7329
7488
7629
7706
7944
8002
8107
8164
8230
8236
8311
8404
8412
8646
8738
8741
8819
8861
8883
8927
9050
9067
9242
9410
9524
9621
9684
9690
9752
9784
9876
9897
105
234
360
369
370
458
585
590
844
1047
1077
1146
1271
1274
1308
1407
1410
1422
1424
1478
1575
1695
1815
1886
2045
2046
2352
2513
2530
2600
2618
2685
2771
3022
3336
3551
3557
3777
3837
3847
4032
4310
4346
4433
4686
4727
4879
4935
4968
4998
5158
5224
5304
5566
5645
5648
5769
5804
5847
6009
6022
6245
6485
6635
6736
6775
6870
7044
7146
7659
7743
8008
8041
8097
8102
8136
8142
8163
8186
8279
8476
8548
8572
8719
8724
8763
8785
8789
8959
9211
9350
9457
9465
9488
9608
9626
9680
9711
9783
9790
227
575
708
784
790
844
878
1054
1215
1514
1805
1814
1817
1888
2072
2073
2094
2158
2447
2524
2553
2625
2696
2854
3051
3187
3207
3208
3268
3293
3590
3605
3770
3798
3852
3969
4037
4081
4097
4176
4186
4200
4473
4681
4766
4810
4959
4997
5020
5039
5046
5134
5172
5349
5531
5600
5840
5855
5925
6043
6051
6145
6154
6332
6478
6546
6676
6920
6938
7055
7131
7322
7363
7480
7734
7736
7895
7915
7927
8041
8128
8191
8661
8664
8688
8704
8816
8872
8876
9021
9027
9044
9190
9432
9530
9598
9697
9824
9844
9936
86
473
747
800
852
880
1310
1398
1398
1473
1533
1748
1990
2148
2275
2284
2376
2381
2423
2478
2536
2697
2752
2809
2882
3053
3233
3247
3279
3288
3742
3979
4007
4089
4114
4190
4248
4356
4485
4544
4896
4915
5020
5197
5245
5409
5436
5536
5667
5720
5757
5936
5998
6002
6055
6076
6113
6151
6205
6217
6271
6291
6404
6464
6492
6537
6603
6968
7042
7074
7204
7534
7648
7663
7676
7678
7878
8074
8075
8123
8172
8245
8249
8250
8369
8735
8770
8807
8851
9462
9565
9584
9588
9613
9632
9808
9818
9859
9884
9902
16
45
196
284
311
330
460
580
646
674
712
813
854
980
997
1138
1145
1150
1334
1574
1708
1799
1893
2095
2493
2500
2543
2619
2640
2656
2819
2935
3041
3120
3320
3471
3515
3567
3577
3596
3677
3723
3821
3897
4062
4245
4513
4532
4709
4739
4805
4937
4949
5141
5225
5302
5422
5599
5838
5997
6068
6447
6470
6524
6552
6619
6728
6859
7043
7074
7190
7246
7332
7379
7451
7472
7511
7686
7706
7761
7899
7933
7942
7961
8190
8331
8395
8416
8593
8726
8934
9036
9465
9527
9531
9661
9672
9789
9889
9909
123
169
219
360
640
785
878
903
949
983
984
1139
1147
1155
1210
1240
1274
1368
1372
1376
1517
1664
1803
2119
2312
2499
2531
2831
2992
3037
3334
3425
3509
3604
3732
3888
3896
3948
4129
4146
4529
4589
4640
4657
4661
4701
4866
5189
5224
5512
5516
5599
5659
5666
5695
5702
5913
6046
6360
6464
6537
6583
6588
6632
6842
6896
6906
6907
6992
7024
7236
7348
7405
7449
7479
7674
7703
7740
7902
8138
8310
8441
8452
8592
8607
8613
8743
9089
9093
9205
9275
9313
9338
9471
9502
9540
9715
9872
9942
9993
39
58
145
232
261
525
585
587
746
779
899
913
1122
1123
1191
1226
1279
1595
1635
1718
1770
1812
1857
1947
1956
1965
2022
2313
2473
2638
2706
2789
3100
3109
3116
3200
3249
3505
3588
3642
3677
3771
3821
4025
4055
4120
4149
4151
4219
4250
4254
4283
4286
4384
4400
4604
4667
4712
4753
4773
5122
5330
5429
5988
6014
6125
6143
6256
6555
6705
6770
6834
6841
7018
7390
7524
7576
7680
7720
7893
7912
7946
8056
8069
8134
8154
8523
8725
8886
8947
8982
9063
9193
9634
9793
9793
9811
9831
9897
9932
14
17
29
147
220
432
453
726
743
885
911
944
1232
1396
1452
1480
1686
1788
2266
2319
2450
2584
2597
2598
2867
2981
3115
3143
3168
3204
3222
3291
3315
3332
3435
3491
3773
4006
4081
4093
4126
4233
4259
4507
4525
4555
4752
4905
4962
4995
5082
5092
5098
5391
5500
5638
5817
6060
6177
6245
6255
6381
6388
6451
6655
6888
6953
7018
7093
7234
7304
7529
7557
7627
7648
8247
8272
8400
8528
8535
8664
8677
8756
8791
8877
8939
9166
9172
9185
9211
9226
9227
9272
9409
9525
9664
9746
9780
9911
9966
189
195
267
337
413
436
500
793
796
817
867
931
957
1125
1189
1225
1341
1435
1459
1529
1577
1631
1634
1637
1740
2039
2095
2750
2833
3220
3422
3539
3622
3720
3725
3801
4006
4321
4336
4513
4748
4843
4892
4902
4975
5114
5286
5514
5820
5895
5937
6033
6074
6124
6247
6339
6349
6350
6423
6635
6653
6659
6681
6823
6906
6934
7013
7048
7146
7194
7208
7288
7502
7612
7621
7634
7677
7885
7960
8133
8177
8333
8382
8436
8681
8720
8724
8781
8836
8906
8916
9005
9154
9334
9412
9474
9510
9513
9596
9923
152
251
262
286
338
352
426
477
633
789
835
872
881
965
1185
1253
1637
1664
1864
1885
2013
2094
2227
2260
2394
2429
2452
2463
3008
3054
3228
3287
3450
3508
3524
3671
3798
3859
3947
3967
4178
4274
4275
4279
4319
4448
4491
4600
4959
4981
5338
5372
5387
5398
5457
5562
5661
6020
6175
6459
6537
6539
6592
6653
6855
6933
7002
7079
7122
7134
7254
7323
7326
7350
7438
7618
7830
7851
7852
7872
8125
8291
8475
8486
8493
8502
8650
8895
8917
8943
9202
9222
9222
9257
9678
9698
9730
9816
9851
9860
56
224
311
578
659
751
941
976
1236
1274
1294
1353
1378
1442
1469
1494
1496
1508
1675
1953
2070
2313
2356
2360
2462
2526
2578
2626
2957
3036
3242
3346
3544
3578
3652
3745
3777
3783
3803
3885
4090
4185
4192
4202
4301
4323
4483
4488
4558
4720
4765
4822
4832
4952
5092
5146
5248
5319
5362
5461
5550
5791
5807
5976
5984
6113
6202
6216
6342
6368
6417
6474
6517
7039
7082
7100
7120
7347
7349
7374
7492
7686
7824
8096
8394
8655
8813
8817
8890
8973
9014
9098
9527
9542
9572
9710
9767
9783
9964
9967
110
227
270
426
475
559
704
810
851
879
1331
1359
1481
1567
1768
1802
1840
1957
1983
2259
2323
2325
2340
2419
2445
2479
2580
2591
2669
2676
2694
2912
3000
3045
3158
3167
3216
3301
3642
3735
3749
3760
3769
3800
3809
3918
3946
3973
4000
4166
4200
4345
4346
4528
4621
4640
4867
4889
4943
4948
5012
5081
5097
5207
5659
5671
5977
6199
6282
6316
6339
6385
6426
6506
6512
6833
6972
7030
7223
7251
7423
7447
7617
7625
7766
8048
8418
8534
8603
8676
8819
8878
9191
9240
9298
9406
9414
9456
9520
9827
46
119
127
141
399
453
545
622
689
705
863
970
1015
1048
1234
1245
1305
1344
1429
1453
1490
1499
1579
1600
1729
1811
1836
1858
2027
2108
2144
2268
2387
2668
2694
2967
3028
3506
3698
3723
3900
3995
4019
4309
4360
4363
4384
4578
4853
4928
5125
5186
5202
5268
5369
5641
5878
5907
5923
5965
6065
6087
6177
6190
6201
6286
6369
6426
6429
6524
6674
6896
6925
6955
7087
7153
7162
7190
7511
7523
7536
7668
7686
7729
8125
8237
8318
8485
8556
8623
8677
8778
8951
8987
9072
9090
9485
9570
9777
9942
58
127
163
224
562
591
724
807
942
957
1130
1149
1546
1710
1766
1772
1852
2103
2260
2410
2568
2667
2891
2914
2954
2980
3156
3175
3203
3389
3391
3402
3477
3480
3651
3660
3693
3706
3735
3751
3755
3786
3794
3813
3878
3931
3992
4145
4269
4449
4539
4674
4791
4841
4864
5061
5251
5352
5571
5587
5590
5695
5861
5921
6100
6238
6379
6448
6762
6765
6783
6812
6842
6950
6956
6997
7131
7469
7519
8084
8092
8153
8161
8225
8249
8269
8316
8428
8924
9345
9368
9401
9486
9586
9620
9648
9751
9881
9921
9975
8
142
182
405
480
517
685
721
721
815
1141
1145
1256
1363
1446
1580
1599
1877
2002
2013
2145
2287
2382
2815
2859
2876
2943
2983
2985
3245
3269
3756
4026
4129
4144
4160
4214
4290
4520
4599
4669
4821
4905
5122
5154
5339
5388
5395
5441
5455
5561
5630
5886
5901
5904
5906
5967
6084
6167
6371
6389
6429
6635
6655
6679
6716
6724
6740
6832
6838
6936
7178
7281
7342
7459
7741
7796
7975
7998
8083
8317
8429
8507
8635
8739
8851
8875
8930
8967
8985
9022
9028
9117
9197
9319
9357
9760
9768
9815
9939
17
29
229
324
333
420
444
475
610
709
791
871
960
970
1109
1314
1376
1467
1789
2002
2014
2176
2207
2271
2291
2312
2603
2684
2876
2907
3338
3476
3518
3661
3664
3815
3823
3855
3925
3947
4001
4008
4096
4182
4197
4217
4295
4398
4490
4498
4500
4651
4740
4866
4942
5045
5192
5519
5685
5702
5780
5876
6207
6222
6306
6306
6347
6357
6608
6710
6744
6851
6859
6965
7023
7205
7300
7340
7396
7442
7781
7819
7884
8087
8183
8200
8307
8456
8494
8572
8699
8741
8753
8993
9027
9047
9083
9113
9604
9673
112
128
136
169
478
723
756
767
860
918
927
965
1040
1097
1154
1264
1357
1364
1573
1847
1907
2008
2030
2077
2160
2171
2199
2209
2342
2695
2782
3002
3068
3134
3154
3431
3474
3475
3627
3759
3788
3881
3948
4051
4102
4143
4240
4427
4460
4530
4553
4757
4789
4822
4824
5298
5393
5396
5577
5777
5778
5797
5802
5833
5855
5918
5920
6005
6022
6029
6146
6157
6525
6598
6698
7040
7121
7264
7354
7424
7545
7545
7746
7821
8102
8344
8395
8580
8684
8777
8878
8987
9084
9161
9289
9302
9449
9509
9939
9984
57
156
237
241
336
544
706
733
825
1027
1062
1152
1458
1511
1564
1589
1843
1915
2322
2342
2536
2800
2827
2835
2884
2959
3005
3022
3182
3222
3409
3570
3693
3699
3726
3849
4027
4262
4331
4375
4462
4611
4637
4868
4970
5086
5097
5146
5288
5416
5659
5816
5880
6302
6329
6424
6507
6532
6680
6886
6897
6926
7063
7135
7177
7178
7211
7254
7515
7518
7682
7749
7901
7992
8064
8065
8066
8074
8076
8120
8326
8429
8710
8767
8840
8989
9047
9095
9106
9176
9184
9316
9457
9495
9500
9670
9807
9856
9888
9924
46
85
97
158
184
184
231
233
531
602
631
1121
1144
1261
1485
1529
1630
1673
1934
1997
2020
2097
2109
2211
2264
2342
2392
2414
2436
2536
2548
2578
2661
3033
3305
3347
3510
3551
3575
3586
3633
3769
3772
3784
3813
3944
4089
4115
4165
4174
4693
4904
4916
5043
5163
5280
5417
5432
5547
5618
5725
5977
6073
6076
6268
6386
6396
6454
6485
6504
6714
6749
6856
6939
6998
7271
7336
7377
7514
7695
7712
7717
7759
7820
7977
8092
8187
8444
8754
8761
9059
9160
9392
9630
9631
9709
9750
9768
9828
9873
23
57
309
373
515
559
634
755
802
972
1019
1075
1209
1464
1857
1906
1969
2004
2231
2242
2720
2810
2839
2858
2938
3115
3127
3315
3595
3959
4229
4234
4241
4284
4325
4497
4621
4668
4747
4861
4902
5083
5222
5425
5575
5608
5626
5639
5691
5730
6000
6081
6138
6206
6256
6341
6611
6622
6651
6718
6729
6872
6936
6963
6995
7198
7270
7301
7310
7357
7445
7499
7525
7569
7691
7887
8363
8449
8543
8564
8588
8684
8717
8771
8809
9153
9165
9196
9242
9406
9532
9552
9636
9715
9741
9752
9780
9866
9913
9996
156
342
363
425
487
491
510
811
914
921
1014
1108
1150
1210
1286
1385
1575
1664
1674
1783
1814
1875
1895
2042
2060
2118
2157
2224
2346
2445
2608
2760
3025
3037
3043
3088
3106
3351
3357
3430
3517
3522
3813
3977
4016
4085
4149
4170
4382
4460
4783
4914
5071
5211
5610
5810
5891
5940
6029
6199
6266
6299
6303
6417
6444
6573
6654
6746
6969
7013
7026
7117
7297
7480
7633
7729
7757
7785
7820
7824
7879
7880
8025
8227
8336
8345
8504
8663
8672
8800
8807
8874
9311
9477
9558
9580
9719
9895
9923
9960
36
65
99
272
450
481
565
661
885
951
1003
1071
1096
1175
1183
1240
1355
1469
1524
1598
1780
1791
1792
1804
1882
1906
1980
2136
2152
2286
2415
2423
2449
2469
2594
2766
2854
2888
2904
2910
2962
2977
3101
3102
3140
3176
3392
3476
3517
3781
3816
3999
4000
4032
4143
4221
4237
4419
4735
4816
4830
5021
5147
5234
5585
5601
5626
5757
5791
6091
6143
6352
6439
6474
6747
7107
7108
7236
7393
7737
7955
8064
8102
8178
8252
8288
8346
8350
8397
8399
8457
8588
8758
8914
9378
9456
9630
9663
9893
9901
134
156
291
399
469
508
596
679
759
912
1069
1398
1792
1847
2065
2084
2137
2227
2276
2296
2408
2472
2479
2505
2573
2611
2658
3091
3253
3318
3484
3487
3598
3660
3663
3666
3680
3823
4197
4329
4377
4400
4404
4621
4654
4666
4790
4852
5046
5112
5133
5139
5233
5589
5660
5682
5802
6190
6191
6235
6256
6261
6319
6327
6682
6937
7003
7045
7062
7102
7116
7210
7261
7286
7474
7494
7496
7499
7861
7868
8230
8613
8678
8776
8855
8919
8928
8930
9039
9070
9087
9316
9554
9668
9671
9678
9747
9791
9885
9899
17
57
274
303
478
529
549
703
792
865
878
901
978
1059
1204
1272
1306
1331
1338
1501
1852
1892
1926
2077
2123
2235
2337
2431
2489
2496
2581
2609
2651
3178
3463
3490
3847
3856
3926
3927
4342
4391
4424
4550
4569
4572
4713
4952
4958
5128
5263
5377
5533
5626
5780
5808
5959
6106
6224
6227
6299
6303
6309
6390
6519
6579
6645
6671
6858
6899
7104
7124
7237
7277
7310
7396
7581
7648
8014
8270
8309
8327
8369
8382
8508
8660
8717
8739
8824
8852
8988
9461
9462
9521
9618
9630
9632
9638
9816
9861
69
80
99
134
206
213
354
452
592
608
686
782
1147
1148
1184
1283
1398
1638
1799
1824
1877
1964
2320
2422
2557
2601
2797
3002
3011
3142
3156
3328
3374
3683
3698
3707
3735
3788
3812
4287
4846
4877
4909
4940
4976
5021
5266
5276
5391
5503
5510
5695
5824
5873
5882
5968
6036
6146
6335
6349
6425
6641
6648
6712
6858
6917
6978
7039
7164
7182
7264
7481
7517
7585
7681
7888
7949
7980
7993
8009
8065
8345
8434
8632
8803
8809
8849
9151
9188
9294
9411
9469
9508
9620
9633
9641
9844
9853
9909
9954
32
136
243
286
483
499
580
601
662
685
798
874
978
1145
1274
1321
1485
1567
1593
1675
1777
1918
1930
1962
2062
2099
2211
2235
2247
2442
2491
2640
2735
2790
2942
3062
3108
3136
3427
3646
3752
3784
3837
3956
4041
4078
4168
4253
4376
4473
4504
4538
4570
4710
4818
4901
4915
5584
5631
5707
6065
6116
6133
6232
6421
6469
6504
6570
6590
6646
6705
6831
6939
6944
6987
7210
7263
7421
7492
7511
7830
7928
7978
8030
8215
8397
8443
8521
9012
9240
9267
9311
9541
9566
9744
9895
9973
9982
9984
9989
127
187
292
298
341
509
543
555
579
688
702
959
1156
1286
1346
1439
1568
1719
1833
2032
2183
2281
2312
2360
2385
2400
2412
2442
2486
2564
2792
2961
3229
3329
3449
3534
3921
4013
4132
4156
4222
4226
4243
4331
4440
4532
4696
4733
4852
4903
5239
5244
5334
5339
5425
5510
5614
5651
5681
5713
5758
5861
5966
5984
6034
6109
6110
6132
6229
6283
6433
6452
6515
7140
7267
7289
7364
7427
7434
7445
7549
7614
7671
7682
7846
7855
8213
8447
8486
8748
8816
8829
8877
8987
9169
9307
9614
9886
9941
9960
52
328
416
466
500
568
598
621
671
783
796
810
1122
1284
1421
1535
1708
1783
1925
2005
2659
2823
2939
2941
2988
3044
3055
3105
3123
3259
3357
3462
3500
3636
3665
3804
3821
3981
4032
4111
4111
4185
4594
4665
4797
4857
5122
5166
5186
5356
5488
5533
5583
5618
5717
5878
6019
6300
6330
6511
6555
6629
6718
6809
6852
7041
7293
7453
7481
7595
7704
7704
7775
7883
7971
8025
8048
8058
8145
8162
8166
8171
8238
8268
8289
8333
8382
8637
9034
9228
9238
9424
9500
9564
9590
9601
9761
9827
9913
9992
149
279
282
314
521
567
574
682
697
812
868
1090
1209
1242
1287
1321
1376
1387
1431
1493
1611
1669
1783
1888
2026
2151
2157
2163
2342
2517
2697
2711
2820
3066
3226
3235
3365
3464
3475
3496
3757
4000
4186
4380
4454
4548
4632
4667
4774
4798
4799
4799
4855
5066
5325
5723
5731
5764
5778
5783
6038
6038
6043
6050
6113
6240
6549
6724
6863
7006
7009
7090
7121
7199
7257
7276
7648
7827
7929
8019
8169
8201
8305
8333
8439
8547
8608
8695
8792
8886
8908
9148
9230
9395
9496
9511
9581
9680
9863
9871
23
269
502
547
683
732
804
912
1010
1276
1518
1643
1686
1825
1825
2117
2238
2326
2363
2466
2490
2525
2712
2759
2826
2918
2949
2972
3188
3281
3373
3493
3495
3850
3881
3893
3922
3928
4042
4359
4452
4496
4741
4764
4820
4886
5122
5184
5227
5354
5367
5600
5660
5716
5745
5820
5869
5892
5894
5941
6044
6119
6482
6500
6623
6669
6676
6780
6797
6813
7416
7520
7527
7577
7695
7898
8008
8193
8504
8695
8719
8803
8839
8930
8996
9093
9325
9387
9424
9430
9459
9480
9532
9641
9698
9845
9846
9974
9979
10000
1
243
251
253
416
657
676
681
774
1048
1110
1115
1330
1461
1510
1683
1747
1756
1812
1963
2000
2121
2181
2293
2317
2362
2390
2504
2543
2740
2755
2801
2994
3049
3302
3450
3538
3541
3553
3585
3918
4027
4038
4252
4365
4608
4736
4971
5033
5050
5102
5115
5127
5178
5280
5329
5362
5424
5506
5523
5533
5800
5831
5861
5883
5973
6010
6029
6152
6209
6614
6669
6677
6882
6972
7029
7043
7123
7158
7465
7562
7681
7795
7891
7896
8263
8312
8347
8370
8426
8760
9094
9353
9416
9627
9671
9850
9851
9882
9983
182
300
330
434
523
595
656
705
733
779
1057
1206
1419
1480
1525
1638
1804
2047
2239
2312
2470
2590
2601
2849
2956
3118
3143
3214
3538
3607
3738
3761
3829
3941
4025
4128
4177
4177
4414
4451
4508
4600
4712
4823
4949
4953
4969
5004
5049
5059
5111
5138
5206
5469
5490
5519
5551
5639
6015
6093
6200
6280
6456
6586
6655
6663
6762
6890
6901
6957
7066
7105
7155
7256
7300
7340
7409
7422
7520
7616
7765
7778
7913
8071
8278
8289
8395
8501
8514
8587
8659
8679
8853
9284
9315
9485
9533
9630
9812
9900
159
190
354
413
460
532
614
707
843
856
891
1114
1433
1477
1548
1721
1861
1996
2022
2373
2385
2498
2568
2598
2819
2827
2929
2996
3050
3426
3575
3633
3772
3950
4013
4020
4046
4111
4128
4157
4235
4598
4610
4627
4722
4847
4876
4915
4928
5096
5216
5287
5308
5357
5360
5459
5462
5482
5489
5506
5853
6046
6068
6182
6216
6244
6298
6359
6395
6399
6454
6854
6932
6985
7016
7104
7161
7306
7496
7509
7589
7756
7842
7933
7935
8045
8092
8313
8381
8412
8575
8577
8579
8684
8873
9053
9184
9532
9794
9838
6
206
239
416
454
474
512
840
880
1034
1162
1183
1274
1336
1446
1463
1640
1740
1805
2074
2191
2342
2407
2499
2701
2744
2996
3269
3515
3557
3708
3911
3981
4015
4144
4147
4176
4208
4306
4390
4625
4659
4696
4698
4809
4832
4861
4908
4912
5199
5206
5230
5298
5347
5383
5414
5419
5489
5557
5624
5772
5787
5837
5876
6050
6063
6211
6235
6460
6705
6795
6797
6949
6958
7076
7089
7408
7802
7841
8135
8167
8193
8341
8496
8610
8630
8637
8763
8971
9003
9097
9200
9267
9298
9587
9627
9678
9886
9901
9957
53
157
368
407
618
645
984
1015
1034
1148
1380
1398
1515
1564
1636
1686
1776
1943
2104
2206
2368
2557
2612
2672
2788
2800
3134
3167
3199
3258
3302
3311
3567
3587
3671
3735
3764
3820
3944
4031
4203
4209
4372
4384
4399
4448
4570
4696
4722
4804
4822
4856
4875
4875
4896
4898
5081
5179
5437
5623
5645
5750
5772
5891
6091
6524
6541
6667
6687
6691
6800
6858
7013
7018
7025
7161
7183
7183
7386
7533
7554
7872
8230
8376
8572
8691
8702
8804
9023
9051
9208
9324
9453
9540
9631
9649
9661
9864
9985
9985
230
376
526
606
953
1018
1066
1083
1180
1316
1408
1534
1565
1639
1751
1779
1795
1829
1886
1988
1992
2031
2135
2140
2150
2443
2475
2634
3012
3059
3067
3129
3150
3309
3317
3464
3477
3678
3797
3841
3953
3976
3987
4022
4034
4099
4114
4150
4248
4296
4691
4995
5138
5163
5433
5483
5778
5824
5973
5977
6061
6099
6424
6500
6626
6666
6818
6820
6937
6954
7159
7249
7252
7364
7365
7486
7509
7696
7748
7775
7782
7812
8018
8096
8173
8197
8387
8467
8561
8777
8812
8890
8965
9258
9551
9697
9756
9761
9871
9902
24
175
383
559
571
572
759
780
846
1093
1289
1481
1488
1492
1505
1647
1768
1770
1844
1981
1987
2021
2064
2148
2172
2481
2611
2844
2929
3200
3215
3307
3347
3458
3503
3523
3608
3728
3728
3820
3844
4089
4131
4199
4248
4405
4416
4491
4800
4834
5187
5353
5425
5535
5647
5658
5719
5806
6020
6027
6067
6351
6515
6618
6723
6802
6921
7225
7384
7487
7657
7914
7952
8193
8258
8318
8342
8529
8555
8720
8787
8814
8940
8954
9007
9082
9168
9194
9280
9296
9362
9400
9418
9598
9692
9751
9784
9920
9925
9948
179
304
605
678
684
746
845
915
957
1117
1125
1137
1189
1244
1284
1745
1786
1894
1915
2002
2123
2126
2139
2357
2475
2525
2612
2680
2693
2720
2764
2802
2865
2906
2907
2950
3046
3407
3647
3775
3790
3968
3994
4028
4082
4286
4514
4660
4740
4784
4812
4883
4887
4920
4989
4998
5110
5111
5455
5465
5550
5563
5887
5961
5973
5996
6351
6532
6546
6567
6637
6711
6784
6846
6864
7075
7242
7270
7346
7392
7584
7624
7683
7701
7796
7905
7908
8045
8059
8088
8194
8293
8366
8599
8636
9379
9458
9579
9755
9928
81
187
344
459
470
617
636
657
769
919
919
954
968
1117
1167
1483
1495
1607
1629
1714
1803
1842
1862
1874
1883
2188
2222
2497
2618
2724
2746
2825
2959
2975
3070
3102
3261
3264
3601
3843
4015
4126
4288
4294
4385
4412
4434
4478
4479
4548
4588
4852
4962
5072
5093
5105
5112
5121
5254
5408
5410
5442
5544
5627
5655
5691
5765
5852
5862
5979
6017
6131
6195
6300
6327
6533
6843
6898
7015
7077
7381
7418
7441
7636
7638
7659
7708
8203
8243
8284
8585
8714
9218
9242
9327
9521
9524
9558
9573
9944
171
200
203
215
232
258
284
498
501
816
906
1097
1133
1238
1473
1709
1729
1850
1946
2150
2172
2221
2222
2458
2478
2620
2741
2885
3173
3352
3375
3388
3402
3402
3446
3533
3626
3756
3814
3823
4145
4184
4378
4425
4431
4801
4899
4911
5031
5240
5375
5663
5971
5991
6044
6067
6124
6184
6271
6309
6329
6485
6493
6594
6621
6634
6751
6777
7313
7380
7703
7734
7784
7805
7828
7854
8086
8093
8294
8413
8496
8571
8631
8670
8812
9104
9149
9165
9181
9233
9256
9307
9322
9403
9600
9645
9727
9844
9957
9967
159
182
319
386
597
636
701
867
993
999
1117
1186
1267
1612
1700
1742
1953
2025
2069
2377
2446
2460
2519
2586
2657
2700
2777
2894
3013
3018
3020
3027
3124
3320
3549
3873
3990
4262
4319
4330
4355
4375
4556
4636
4646
4695
4729
4996
5044
5134
5195
5269
5308
5471
5518
5549
5798
5809
5862
5893
5903
6113
6150
6161
6217
6338
6366
6894
6914
6936
7001
7327
7348
7495
7560
7612
7621
7726
7970
8018
8074
8147
8317
8368
8491
8496
8621
8756
8777
8896
9021
9065
9255
9351
9362
9435
9468
9777
9881
9883
133
306
762
820
999
1038
1257
1448
1524
1540
1562
1749
1758
2151
2225
2275
2314
2388
2405
2477
2548
2640
2711
2787
2823
2845
2961
2963
3139
3146
3317
3342
3397
3824
3858
3924
4012
4078
4142
4204
4208
4260
4290
4370
4464
4663
4682
4774
4901
5041
5088
5088
5121
5195
5218
5361
5390
5437
5637
5890
5952
6112
6151
6193
6246
6298
6304
6365
6502
6562
6582
6645
6697
7110
7131
7509
7528
7558
7736
7795
7805
7962
7974
8014
8161
8199
8540
8681
8703
8819
8965
9038
9203
9212
9230
9535
9583
9621
9658
9679
43
201
298
337
593
863
928
1250
1346
1386
1396
1457
1485
1523
1548
1550
1599
1776
1781
1923
1936
2277
2317
2363
2448
2510
2534
2649
2659
2669
2780
3067
3105
3270
3277
3314
3364
3523
3706
3971
3987
4081
4121
4148
4355
4547
4745
4902
4994
5074
5124
5219
5269
5276
5322
5372
5445
5613
5952
5992
6023
6080
6124
6207
6250
6391
6403
6453
6521
6980
7018
7081
7337
7361
7444
7553
8140
8224
8291
8332
8378
8441
8544
8646
8909
9001
9068
9075
9210
9214
9311
9377
9520
9523
9527
9560
9569
9715
9816
9925
42
155
238
242
445
486
521
783
1290
1327
1480
1648
1833
1852
1854
1942
1961
2024
2082
2097
2239
2241
2347
2513
2517
2658
2707
2872
2907
2919
2991
3066
3084
3107
3139
3272
3491
3608
3626
3691
3782
3804
4010
4080
4210
4326
4596
4679
4952
5041
5093
5487
5693
5865
5896
5927
5997
6196
6253
6281
6354
6409
6600
6633
6662
6865
6903
6983
7078
7203
7279
7377
7706
7709
7763
7835
7863
7879
7901
8032
8095
8280
8359
8432
8463
8584
8638
8688
8688
8734
8940
8970
9010
9272
9285
9344
9447
9541
9547
9786
114
523
530
779
831
907
925
994
1036
1076
1118
1154
1476
1616
1768
1923
1995
2045
2188
2212
2238
2318
2361
2444
2561
2688
2755
2823
2897
2944
2961
3034
3045
3077
3259
3358
3487
3528
3635
3641
3982
4073
4150
4203
4243
4407
4410
4506
4560
4616
4759
4842
4904
5217
5252
5379
5424
5487
5535
5571
5755
6293
6308
6316
6341
6356
6366
6469
6675
6824
6872
6943
6987
7048
7205
7524
7590
7629
7780
7804
7947
7998
8015
8052
8139
8191
8293
8374
8389
8699
8733
8737
9011
9196
9199
9238
9471
9511
9675
9946
98
138
153
163
331
397
880
944
1017
1093
1146
1305
1325
1463
1514
1534
1724
1770
1950
2210
2255
2289
2425
2781
2861
2931
3005
3075
3081
3164
3326
3433
3586
3621
3660
3706
3779
3816
3871
3937
4467
4687
5017
5018
5089
5143
5273
5309
5401
5501
5638
5676
5704
5830
5847
5868
5870
6108
6169
6521
6607
6701
6776
6801
6851
6858
6896
7174
7440
7543
7556
7602
7757
7763
7771
7820
7918
8155
8345
8357
8364
8392
8453
8588
8624
8797
8865
8943
8981
9122
9140
9375
9537
9599
9810
9864
9931
9937
9984
10000
72
143
191
482
490
519
726
911
928
1005
1211
1331
1389
1496
1541
1581
1643
1857
1901
1916
2051
2054
2082
2130
2217
2226
2249
2282
2356
2444
2631
2708
2851
3456
3595
3645
3682
3688
3695
3947
4054
4154
4176
4219
4261
4312
4574
4746
5123
5162
5217
5259
5348
5398
5440
5688
5755
5899
6003
6037
6048
6303
6325
6335
6350
6377
6536
6608
6624
6673
6792
6827
7002
7145
7178
7216
7283
7331
7432
7591
7878
8242
8331
8406
8426
8805
8874
8875
8899
8914
8990
9027
9236
9236
9333
9779
9847
9903
9939
9992
109
144
349
391
645
649
659
857
914
932
939
962
1020
1440
1500
1541
1554
1682
1693
1785
1873
1888
1962
2074
2109
2168
2239
2315
2493
2739
2779
2860
3081
3104
3352
3359
3452
3533
3566
3727
3739
3839
3958
3986
4168
4212
4433
4495
4693
5299
5426
5506
5538
5543
5589
5806
5854
5883
5915
5934
5955
6067
6127
6219
6230
6392
6428
6476
6611
6664
6791
6886
7359
7553
7771
7882
7902
7956
8012
8202
8254
8287
8302
8413
8436
8445
8474
8570
8620
8628
8718
8935
9061
9133
9307
9660
9829
9832
9859
9998
68
91
100
191
627
680
758
810
992
1029
1122
1186
1186
1563
1755
1777
1827
1945
1992
2023
2147
2206
2236
2332
2404
2487
2547
2686
2844
2850
2926
2976
2986
2991
3087
3148
3154
3427
3486
3521
3547
3643
3650
3652
3679
3700
3822
3896
3961
3995
4032
4436
4504
4539
4638
5117
5215
5418
5520
5544
5572
5740
5833
5954
6095
6098
6302
6376
6492
6603
6798
6933
7165
7377
7543
7570
7622
7787
8171
8407
8461
8588
8671
8709
8755
8790
8966
9150
9170
9319
9419
9435
9502
9551
9603
9731
9785
9811
9869
9896
9
20
56
177
279
296
359
446
446
476
493
528
612
661
796
832
946
978
1002
1024
1153
1265
1300
1366
1457
1532
1611
1708
1835
1867
1943
2157
2274
2277
2378
2412
2824
3022
3143
3423
3620
3677
3695
4111
4214
4665
4688
4720
5112
5195
5220
5413
5413
5425
5464
5466
5523
5674
5937
5997
6047
6525
6531
6639
6685
6729
6801
6936
7020
7090
7172
7320
7443
7461
7567
7618
7653
7736
7771
8100
8142
8182
8202
8425
8561
8784
8820
9349
9357
9365
9458
9485
9584
9699
9713
9779
9782
9834
9902
9940
7
77
213
268
284
354
393
480
481
483
515
734
783
818
886
1314
1409
1561
1605
1656
1702
1807
2042
2173
2365
2379
2487
2582
2652
2659
2817
2828
2853
2894
3089
3380
3407
3431
3637
3697
3720
3744
3844
4034
4159
4165
4166
4350
4407
4438
4462
4537
4651
4786
4959
5050
5057
5088
5126
5137
5190
5191
5371
5461
5497
5504
5514
5712
5784
5840
6015
6049
6069
6546
6619
6938
7189
7240
7337
7385
7434
7515
7801
7920
8036
8041
8117
8186
8446
8611
8660
8737
8824
9339
9349
9371
9484
9590
9728
9922
29
110
167
186
229
500
596
641
886
936
1169
1172
1271
1306
1452
1475
1543
1549
1602
1671
1735
1810
1942
2215
2433
2511
2563
2693
2816
2917
2966
2976
3159
3254
3327
3368
3371
3464
3531
3559
3674
3695
3944
4121
4196
4252
4273
4297
4354
4366
4477
4485
4501
4505
4535
4689
4931
4953
5101
5173
5318
5362
5542
5564
5582
6125
6171
6440
6920
6959
6990
7115
7218
7534
7691
7740
7871
8064
8108
8206
8351
8413
8479
8506
8525
8663
8800
8863
8883
8912
8982
9212
9303
9521
9643
9646
9708
9711
9923
9925
58
160
251
273
566
606
611
851
874
1029
1062
1230
1494
1572
1754
1764
1853
1875
1886
1977
1999
2058
2114
2349
2463
2575
2617
2804
2908
3096
3169
3240
3279
3497
3520
3530
3542
3552
3582
3614
3707
3733
3749
3757
3956
4021
4023
4080
4335
4409
4471
4537
4577
4614
5071
5343
5518
5775
5878
5955
5962
6055
6200
6354
6400
6418
6595
6596
6680
6734
6749
6817
7328
7455
7683
7692
7806
7966
8375
8378
8480
8520
8576
8601
8616
8674
8721
8835
8960
9023
9058
9106
9151
9289
9537
9590
9682
9910
9912
9962
43
160
443
561
986
1166
1224
1368
1410
1418
1470
1551
1553
1577
1670
1675
1825
1993
2004
2024
2030
2499
2513
2535
2569
2681
2787
2804
2833
2950
3048
3107
3640
3668
3697
3701
3724
3729
3837
3883
4010
4039
4195
4216
4311
4361
4388
4510
4558
4634
4645
4647
4668
4687
4772
4907
4960
5327
5380
5385
5560
5940
6050
6118
6303
6629
6756
6789
6829
6920
6992
7077
7092
7114
7123
7152
7370
7580
7668
7984
8226
8237
8289
8416
8543
8793
8804
8918
8951
9104
9132
9274
9294
9448
9493
9604
9641
9757
9944
9982
136
185
772
780
808
853
1015
1125
1137
1227
1465
1479
1598
1656
1805
1830
2082
2119
2332
2610
2762
2861
2923
2956
3022
3029
3083
3202
3275
3286
3326
3326
3390
3623
3670
3672
3779
3797
3885
4081
4152
4923
5227
5394
5421
5846
5881
5899
5911
5931
6060
6086
6128
6272
6315
6326
6329
6582
6662
6816
6983
7019
7175
7245
7363
7570
7665
7675
7806
7868
7916
8063
8129
8142
8197
8321
8365
8386
8462
8491
8587
8594
8607
8644
8775
8782
8816
9016
9128
9381
9430
9483
9504
9539
9638
9697
9787
9812
9854
9955
235
240
455
505
526
585
638
705
989
998
1023
1032
1272
1338
1379
1382
1486
1707
1814
1846
1852
1951
2534
2542
2590
2839
2848
2967
3127
3196
3252
3506
3553
3684
3851
3937
3970
4040
4059
4194
4195
4217
4302
4471
4530
4657
4743
4849
4854
5124
5172
5200
5357
5363
5459
5677
5718
5855
5950
5959
5989
6082
6115
6227
6369
6419
6434
6538
6639
6666
6812
6882
6890
7038
7071
7136
7306
7348
7752
7897
7975
8175
8253
8272
8342
8560
8713
8805
8858
8890
8911
9200
9244
9343
9420
9470
9489
9530
9530
9840
22
123
125
125
190
291
351
357
360
420
423
526
569
602
669
729
733
756
909
946
1401
1796
1896
2001
2063
2117
2238
2247
2338
2360
2386
2392
2445
2572
2595
2692
2809
2941
2963
2965
3565
3718
3730
3851
3999
4021
4037
4215
4242
4578
4580
4633
4704
4765
4774
4860
4972
4986
5022
5029
5031
5178
5380
5539
5595
5767
5796
5902
6056
6078
6483
6518
6600
6786
6989
7004
7308
7338
7353
7491
7802
7812
8018
8110
8174
8253
8340
8471
8483
8797
9045
9127
9191
9365
9508
9516
9564
9791
9923
9958
42
157
284
643
663
663
691
736
1147
1150
1168
1392
1420
1430
1529
1536
1555
1683
1736
2064
2336
2550
2555
2599
2696
2796
2808
2977
3429
3530
3547
3603
3620
3661
3665
3833
4005
4023
4325
4467
4498
4573
4626
4759
5085
5094
5201
5216
5282
5573
5677
5701
5726
5905
6009
6135
6220
6250
6411
6666
6709
6837
6899
7083
7261
7273
7311
7314
7342
7485
7498
7563
7674
7730
7768
7814
7865
8336
8402
8427
8485
8520
8529
8704
8752
8803
9017
9116
9150
9178
9303
9356
9447
9501
9531
9546
9685
9726
9809
9923
233
266
278
283
343
545
568
581
749
817
997
1061
1142
1154
1184
1197
1294
1505
1593
2260
2569
2807
2835
2964
3008
3065
3121
3128
3294
3296
3336
3452
3484
3557
3586
3604
3722
3725
3820
3833
3853
3914
4072
4073
4087
4119
4248
4308
4351
4421
4837
4967
5079
5132
5141
5240
5269
5281
5504
5620
5766
5776
5839
5916
5998
6050
6120
6196
6377
6669
6681
7065
7074
7077
7093
7182
7549
7553
7742
7761
7784
7852
7928
7946
8043
8073
8091
8103
8115
8267
8340
8462
8914
8914
8939
9045
9311
9794
9923
9966
134
139
233
277
456
466
558
727
839
841
936
1007
1367
1470
1613
1649
1672
1708
1734
1787
2099
2152
2310
2404
2476
2583
2710
2782
2839
2858
2903
3262
3282
3443
3547
3735
3773
3841
4112
4168
4210
4279
4331
4808
4841
4947
4963
5203
5307
5469
5495
5496
5523
5678
5913
5949
5963
6017
6502
6562
6585
6946
6958
6973
7060
7121
7360
7476
7578
7626
7628
7636
7677
7697
7852
7867
7921
8054
8062
8115
8127
8171
8511
8541
8607
8732
8887
9175
9210
9215
9247
9375
9451
9456
9510
9523
9593
9719
9759
9841
218
220
421
616
643
819
914
1101
1169
1180
1319
1665
1679
1747
1907
1928
2306
2499
2560
2793
2798
2865
3069
3080
3099
3141
3157
3192
3240
3422
3527
3801
3807
3831
3952
4030
4057
4276
4307
4468
4488
4558
4743
4849
5178
5230
5248
5251
5293
5319
5404
5540
5656
5697
5702
5707
5791
5927
5975
6128
6174
6233
6414
6459
6479
6481
6810
6869
6869
6903
6909
7403
7533
7559
7634
7710
7857
8165
8249
8394
8406
8533
8535
8569
8591
8612
8711
8770
8782
8811
8853
9000
9007
9113
9280
9440
9533
9692
9732
9780
18
173
189
235
281
432
522
571
636
661
764
882
992
1115
1251
1358
1502
1521
1602
1646
1664
1766
1830
1889
2170
2216
2291
2322
2406
2421
2459
2524
2645
2800
2876
2999
3032
3074
3194
3206
3361
3419
3429
3458
3458
3510
3621
3654
3881
3941
4042
4065
4182
4210
4360
4484
4509
4865
4913
5111
5333
5434
5602
5712
5724
5961
6030
6064
6588
6634
6768
6942
7247
7340
7442
7600
7664
8063
8093
8170
8171
8296
8388
8443
8551
8680
8753
8780
8809
8997
9249
9275
9336
9337
9387
9689
9744
9966
9969
9987
162
178
189
406
479
587
778
933
998
1075
1173
1268
1452
1526
1530
1635
1961
2014
2221
2237
2377
2437
2589
2592
2661
2754
2829
2947
2973
3132
3180
3186
3202
3238
3318
3358
3851
3854
3892
4061
4141
4483
4579
4639
4680
4720
4769
4777
4821
4886
5052
5082
5188
5296
5317
5345
5362
5590
6101
6182
6204
6360
6378
6469
6695
6774
6975
7009
7075
7273
7395
7427
7506
7612
7837
7944
7980
8032
8366
8461
8491
8514
8557
8650
8663
8733
8771
8783
8882
8998
9320
9368
9494
9642
9759
9764
9888
9914
9926
9927
96
166
274
694
924
1242
1249
1287
1317
1335
1601
1668
1736
1746
1749
1787
1864
1897
1898
2010
2230
2240
2266
2363
2508
2552
2575
2612
2991
3035
3162
3199
3324
3367
3387
3390
3513
3568
3642
3811
3972
4171
4184
4199
4392
4406
4471
4504
4567
4885
4960
5004
5045
5188
5203
5447
5534
5700
5847
6073
6146
6150
6445
6608
6856
6912
6944
6969
6984
7064
7146
7148
7163
7381
7392
7436
7502
7564
7688
7764
7846
7981
8049
8342
8551
8615
8645
8703
8799
8828
9013
9307
9397
9507
9623
9627
9729
9881
9890
9956
27
68
156
217
232
288
874
1019
1020
1116
1118
1301
1416
1605
1779
1907
1990
2003
2032
2042
2053
2140
2157
2200
2501
2607
2695
2736
2742
2797
2821
2962
2976
2991
3101
3216
3271
3627
3933
4222
4262
4281
4289
4320
4410
4437
4461
4497
4527
4556
4801
4850
4927
4938
5000
5023
5079
5119
5154
5156
5163
5171
5252
5255
5265
5665
5696
5699
5769
5983
6098
6168
6195
6448
6465
6728
6760
7036
7045
7430
7437
7741
7795
7864
8295
8365
8427
8455
8535
8686
8847
8866
8999
9044
9266
9445
9604
9789
9954
9998
31
111
236
302
324
451
465
472
784
808
855
937
1112
1130
1235
1236
1275
1296
1299
1414
1484
1597
1609
1835
1864
1864
2127
2532
2627
2766
3125
3129
3136
3181
3199
3219
3303
3418
3500
3763
3766
3817
4036
4437
4512
4567
4774
4829
4897
5031
5163
5429
5449
5666
5678
5840
5932
6029
6057
6086
6194
6348
6352
6355
6530
6562
6816
6817
6849
6854
6870
6979
6987
7060
7183
7344
7676
7843
7994
8070
8071
8100
8149
8256
8367
8420
8551
8650
8662
8713
8714
8880
8983
9081
9083
9287
9477
9693
9846
9989
160
169
205
214
351
369
547
774
844
886
960
1067
1198
1246
1262
1282
1421
1619
1681
1820
1832
1933
1945
2106
2315
2320
2559
2693
2823
2887
2897
3199
3311
3356
3451
3704
3719
3733
3752
3778
3834
3916
3987
4088
4283
4470
4597
4638
4769
4850
4973
4980
4995
5069
5102
5222
5260
5366
5579
5849
6014
6063
6153
6167
6363
6439
6520
6527
6586
6675
6699
6890
6891
6947
7057
7125
7236
7557
7593
7760
7848
7891
8117
8184
8232
8307
8309
8600
8627
8656
8725
8778
8946
9043
9273
9489
9553
9677
9760
9950
115
187
252
257
328
362
401
464
476
502
582
768
849
1091
1097
1316
1341
1429
1677
1783
1839
2171
2517
2551
2626
2651
2977
3173
3208
3390
3455
3458
3644
3947
3982
4013
4258
4267
4388
4446
4481
4485
4563
4687
4828
4857
5035
5165
5242
5290
5349
5357
5458
5513
5592
5634
5704
5960
6055
6233
6295
6295
6349
6368
6421
6535
6580
6760
6767
6952
7053
7155
7166
7197
7212
7375
7389
7440
7462
7695
7939
8053
8096
8435
8538
8670
8728
8749
8815
8896
8900
9136
9183
9349
9364
9464
9710
9730
9910
9919
25
103
199
219
233
261
337
738
797
977
1003
1069
1121
1134
1245
1247
1594
1596
1630
1643
1669
1790
1834
2027
2355
2459
2614
2625
2664
2687
2807
2915
3480
3792
3981
4032
4141
4143
4412
4461
4504
4629
4651
4762
4802
4812
5168
5177
5305
5335
5463
5616
5725
5808
5832
6051
6255
6312
6338
6596
6639
6687
6689
6697
6754
6758
6773
7000
7041
7132
7309
7325
7406
7549
7621
7827
7925
7933
8035
8066
8210
8287
8485
8511
8594
8637
8640
8800
8849
8854
8857
8967
9034
9131
9159
9274
9635
9768
9871
9929
46
133
222
307
317
646
756
763
769
899
1008
1022
1034
1289
1332
1335
1427
1545
1701
1734
1802
1805
1870
1996
2048
2129
2140
2157
2169
2239
2266
2271
2295
2489
2556
2698
2877
2969
3203
3364
3438
3762
3961
4072
4084
4161
4272
4290
4349
4381
4528
4599
4653
4797
4857
4876
4986
4998
5000
5101
5216
5263
5265
5270
5303
5481
5620
6067
6115
6344
6788
6821
6823
6943
6945
7070
7131
7248
7303
7625
7655
7709
7770
7989
8081
8534
8553
8644
8800
8843
8886
9154
9183
9194
9211
9669
9693
9728
9749
9880
23
35
109
122
126
172
456
657
727
746
836
850
865
1054
1070
1134
1373
1391
1509
1512
1553
1573
1600
1863
1979
2014
2023
2128
2130
2162
2186
2246
2249
2652
2732
2777
2917
3095
3165
3228
3241
3363
3410
3923
3940
3978
4236
4330
4412
4442
4448
4481
4526
4571
4774
4796
4898
5075
5123
5405
5522
5559
5725
5852
6046
6157
6260
6413
6473
6675
6696
6717
6744
6751
6968
7012
7192
7257
7265
7358
7466
7527
7650
7710
7711
7955
7992
8110
8183
8394
9033
9083
9162
9235
9302
9599
9704
9754
9858
9980
7
56
90
234
238
252
269
287
601
602
739
753
771
982
1220
1240
1244
1273
1361
1377
1585
1598
1664
1830
1891
1899
2113
2214
2258
2516
2669
2699
2991
3038
3040
3226
3349
3386
3581
3625
3733
3753
3807
3907
4014
4015
4134
4327
4348
4374
4483
4502
4509
4527
4855
4889
4953
5186
5219
5237
5374
5434
5453
5527
5566
5577
5928
5931
6073
6137
6641
6759
6872
6972
6974
7008
7042
7058
7151
7155
7196
7208
7343
7557
7612
7733
8211
8378
8746
8875
8940
9318
9358
9425
9501
9520
9671
9807
9860
9968
107
140
166
168
238
318
374
497
765
773
807
1054
1110
1204
1226
1239
1439
1458
1559
1706
1721
1738
1745
1827
1895
1927
1945
2009
2017
2081
2257
2267
2306
2428
2474
2734
2762
2867
2882
2990
3116
3590
3657
3694
3773
3818
3858
3918
3955
3980
3986
4286
4366
4436
4476
4722
5045
5169
5243
5397
5400
5406
5637
5870
5937
5994
6007
6018
6059
6266
6316
6362
6600
6816
6840
6965
7060
7280
7425
7644
7950
8165
8252
8258
8446
8465
8584
8590
8712
9070
9115
9203
9315
9505
9665
9733
9735
9776
9967
9988
1
32
269
374
514
799
892
1224
1292
1401
1456
1560
1629
1836
2091
2112
2181
2224
2242
2288
2299
2314
2424
2454
2550
2896
3063
3066
3110
3218
3251
3281
3510
3578
3682
3797
3818
3905
4009
4071
4135
4448
4628
4639
4740
4894
5023
5023
5315
5344
5462
5698
5986
6025
6336
6369
6399
6434
6510
6675
7005
7131
7160
7361
7390
7569
7591
7592
7592
7622
7634
7737
7817
7931
8226
8229
8355
8446
8588
8591
8720
8756
8807
8847
8860
8910
8936
8952
8999
9209
9231
9251
9466
9543
9704
9704
9723
9725
9768
9949
85
92
162
242
273
384
425
429
439
503
560
626
794
815
986
1026
1313
1597
1755
1818
1896
2063
2232
2300
2307
2394
2514
2630
2635
2722
2864
2908
3040
3073
3156
3361
3422
3446
3628
3652
3689
3734
3893
3896
4015
4180
4206
4218
4246
4287
4329
4492
4574
4767
5034
5251
5434
5557
5558
5822
5823
6088
6573
6686
6726
6739
6745
6770
6853
6965
7149
7203
7238
7411
7517
7692
7706
7889
7957
8067
8127
8279
8298
8340
8414
8416
8426
8474
8667
8704
8725
8850
9020
9052
9088
9173
9595
9780
9829
9910
3
3
42
203
216
226
290
313
343
419
443
499
859
889
938
968
975
1078
1118
1376
1626
1736
1770
1967
2260
2340
2369
2494
2532
2605
2897
3012
3032
3079
3510
3617
3680
3804
3902
4041
4132
4218
4282
4419
4478
4674
4788
4862
5024
5076
5220
5448
5470
5483
5514
5684
5964
6031
6084
6093
6156
6203
6371
6519
6568
6914
7148
7411
7541
7796
7831
7932
8037
8137
8289
8310
8327
8410
8492
8530
8852
8876
8963
8983
9017
9044
9117
9193
9322
9350
9361
9496
9514
9534
9623
9712
9747
9753
9877
9960
143
182
234
384
390
396
640
690
743
807
845
969
1082
1117
1234
1323
1482
1594
1662
1730
1841
1918
2090
2259
2510
2570
2651
2669
2732
2835
2852
3085
3094
3239
3329
3368
3430
3550
3553
3662
3773
3775
3846
4175
4443
4629
4676
4747
4912
4943
4959
5253
5281
5323
5353
5400
5568
5656
5683
5803
5813
5892
5895
6064
6216
6221
6344
6834
6855
6923
7204
7375
7379
7683
7877
7880
7895
8044
8257
8295
8457
8460
8474
8549
8620
8730
8731
8906
9005
9104
9183
9196
9303
9376
9491
9527
9741
9838
9961
9976
94
218
344
383
495
553
568
641
799
808
965
1027
1228
1302
1562
1626
1630
1712
1784
1791
1906
2064
2068
2077
2190
2198
2241
2366
2408
2415
2442
2475
2898
2916
3142
3461
3519
3636
3670
3678
3781
3850
3877
3945
4054
4109
4226
4448
4506
4546
4729
5057
5114
5201
5204
5319
5393
5494
5514
5650
5750
5806
6085
6185
6330
6390
6393
6426
6428
6543
6573
6642
6921
6940
6961
7021
7315
7368
7395
7480
7512
7586
7628
7708
8202
8402
8912
8930
8953
9064
9097
9156
9205
9424
9476
9575
9700
9731
9858
9870
23
73
89
126
278
359
464
481
782
836
1004
1159
1409
1488
1511
1520
1577
1655
1676
1685
1765
1843
1873
1924
1948
1973
2042
2179
2238
2248
2268
2517
2560
2638
2657
2843
2851
2945
2968
3296
3330
3353
3394
3536
3563
3575
3818
3952
3961
4053
4294
4357
4482
4658
4764
4845
5072
5084
5107
5178
5190
5303
5332
5338
5429
5448
5573
5575
5976
6203
6334
6426
6530
6606
6771
6816
6927
7350
7660
7722
7780
7787
7931
7952
8099
8319
8480
8627
8685
8919
8958
9037
9219
9516
9525
9530
9618
9750
9755
9854
3
17
70
129
262
269
526
542
600
613
871
939
949
1027
1067
1497
1517
1667
1876
2133
2180
2185
2214
2225
2269
2360
2394
2559
2577
2686
2724
2741
2884
2899
3030
3176
3278
3428
3477
3861
3959
3970
4033
4113
4181
4251
4265
4274
4282
4371
4415
4552
4669
4733
4821
4831
4979
5200
5531
5641
6151
6177
6251
6256
6271
6311
6476
6493
6539
6814
6863
6909
7079
7083
7087
7187
7415
7554
7569
7570
7809
7986
8227
8276
8366
8477
8530
8717
8750
8803
8821
8834
8845
8952
8960
9264
9437
9576
9673
9751
54
121
254
634
653
720
820
850
956
980
1091
1222
1253
1271
1314
1554
1607
1698
1773
1790
1940
2199
2228
2264
2360
2438
2840
3008
3011
3209
3249
3253
3341
3726
3809
3843
3848
3910
3996
4028
4208
4327
4386
4667
4871
5039
5044
5150
5198
5294
5305
5422
5746
5934
6002
6087
6113
6178
6277
6365
6376
6460
6545
6595
6612
6618
6753
6985
7099
7169
7288
7346
7360
7469
7507
7577
7742
7819
7852
7880
7957
8152
8248
8321
8429
8778
8934
9079
9124
9155
9239
9359
9482
9544
9627
9722
9751
9768
9772
9871
176
352
414
489
620
657
691
800
950
1008
1063
1279
1319
1391
1404
1553
1590
1620
1808
1892
2112
2248
2381
2598
2686
2727
2734
2756
2788
2954
3005
3185
3287
3389
3391
3638
3666
3678
3912
3970
4323
4400
4427
4608
4613
4849
4947
5048
5088
5091
5096
5326
5385
5578
5631
5968
5996
6221
6258
6355
6417
6449
6533
6592
6596
6690
6692
6698
6839
7123
7229
7273
7319
7341
7351
7426
7496
7499
7520
7868
7892
7924
7924
8192
8206
8244
8264
8320
8374
8391
8593
8697
8802
9093
9486
9617
9675
9684
9847
9847
28
39
53
190
252
381
466
489
559
627
865
900
913
980
1440
1464
1700
1732
1766
1817
1824
1923
1980
1991
2156
2232
2323
2367
2374
2552
2566
2654
3011
3317
3387
3801
3939
3978
4109
4311
4436
4490
4495
4502
4607
4626
4659
4713
4795
4832
4872
4993
5068
5355
5367
5382
5451
5591
5680
6080
6095
6097
6385
6553
6788
6990
6993
7028
7161
7240
7316
7396
7578
7594
7649
7891
8079
8089
8110
8175
8241
8264
8272
8372
8466
8563
8572
8580
9073
9082
9208
9384
9387
9578
9609
9631
9861
9927
9959
9973
245
310
362
427
461
551
653
711
716
730
826
905
1007
1126
1145
1403
1467
1653
1855
1881
1881
2094
2283
2434
2623
2719
2866
2896
2930
3001
3541
3618
3654
3732
3908
4051
4056
4079
4237
4407
4412
4420
4533
4561
4608
4699
5033
5367
5411
5548
5614
5681
5688
5799
5846
5972
5973
6016
6024
6091
6189
6267
6361
6364
6411
6864
7099
7216
7218
7272
7309
7390
7492
7706
7735
7971
8019
8079
8144
8311
8317
8350
8559
8589
8722
8912
8957
9033
9069
9097
9099
9452
9674
9689
9769
9786
9806
9868
9990
9996
19
160
180
217
416
513
589
869
871
920
950
995
1102
1495
1621
1926
2270
2276
2290
2367
2525
2617
2780
2944
3008
3033
3146
3184
3201
3309
3361
3382
3392
3483
3536
3773
3905
3911
3911
3930
4078
4227
4258
4434
4646
4702
4714
4769
4793
4829
4861
4874
4987
5143
5192
5332
5571
5614
5663
5762
5894
5946
5951
6066
6330
6508
6958
7020
7040
7239
7345
7551
7556
7630
7718
7729
7742
7792
7815
7968
8022
8094
8282
8327
8500
8564
8687
8948
9066
9136
9140
9220
9391
9438
9440
9515
9519
9555
9653
9814
1
12
28
116
215
261
307
365
368
443
573
695
764
831
870
959
1013
1194
1215
1226
1401
1484
1536
1651
1664
1809
1817
1868
2148
2208
2211
2265
2362
2587
2660
2716
2805
2872
3017
3070
3504
3522
3945
3979
3987
4136
4192
4209
4254
4352
4369
4370
4477
4558
4631
4985
5044
5095
5145
5503
5836
5904
5936
5962
6157
6181
6379
6424
6566
6637
6887
6897
7096
7205
7464
7682
7799
7991
8034
8061
8103
8191
8242
8324
8358
8585
8862
8867
8899
8949
8987
9016
9048
9062
9085
9373
9395
9612
9624
9841
5
193
291
422
570
668
696
699
1061
1102
1173
1177
1213
1232
1237
1316
1340
1353
1399
1448
1491
1542
1575
1594
1664
1846
1962
2095
2537
2571
2636
2738
2922
2982
3117
3415
3431
3494
3592
3744
3761
3775
3864
3994
4115
4241
4564
4802
5129
5307
5347
5400
5602
5668
5683
5844
5879
5963
6067
6114
6146
6156
6204
6355
6538
6760
7661
7723
7819
7844
8026
8087
8127
8128
8196
8212
8424
8468
8509
8540
8743
8792
8808
8885
8885
8907
8922
8927
8973
9015
9017
9026
9159
9177
9437
9499
9523
9643
9736
9927
152
246
269
321
414
561
610
683
747
852
867
997
1204
1330
1343
1366
1582
1701
1900
1906
2026
2287
2287
2299
2553
2676
2729
2732
2815
3084
3142
3253
3376
3378
3447
3518
3565
3641
3691
3764
4022
4074
4236
4306
4323
4503
4562
4910
4928
4960
4963
5027
5083
5174
5198
5201
5218
5288
5397
5407
5532
5540
5926
5939
6021
6158
6159
6407
6591
6609
6908
6929
6988
7071
7171
7228
7297
7335
7533
7658
7701
7779
8091
8227
8284
8355
8424
8508
8635
8680
8695
8834
8845
8990
9306
9356
9425
9440
9865
9936
292
310
359
544
962
994
1074
1092
1122
1227
1256
1334
1420
1463
1599
1670
1694
1730
1939
1987
2019
2093
2135
2336
2376
2493
2512
2519
2563
2606
2735
2739
2823
2846
2917
3024
3025
3102
3157
3168
3276
3292
3325
3359
3614
3730
3871
3965
4145
4271
4565
4589
4614
4750
4799
4839
4937
4971
5018
5362
5467
5474
5561
5583
5632
5799
5862
5962
6151
6157
6675
6759
6992
7096
7134
7170
7493
7498
7517
7655
7671
7774
7820
8027
8112
8169
8411
8421
8439
8688
8872
8891
8939
9391
9526
9670
9708
9788
9901
9941
65
253
552
604
709
743
760
772
803
880
978
1034
1251
1326
1443
1534
1548
1560
1576
1862
1902
2018
2146
2203
2408
2539
2642
2912
2939
3116
3164
3370
3447
3877
3937
4143
4157
4201
4319
4382
4629
4654
4703
4718
4722
5298
5391
5424
5587
5634
5634
5635
5662
5675
5746
5834
5846
5914
5926
5938
5988
6275
6366
6416
6444
6602
6603
6610
6968
7135
7175
7236
7498
7625
7688
7864
7922
7982
8026
8200
8284
8354
8381
8433
8508
8661
8690
8847
8903
8917
8994
9006
9078
9186
9196
9369
9387
9468
9745
9978
370
374
390
436
443
582
587
1026
1175
1183
1242
1339
1460
1500
1515
1768
1926
1999
2211
2270
2349
2377
2488
2654
2663
2680
2793
3004
3010
3085
3151
3209
3860
3911
3922
3995
4062
4202
4203
4207
4305
4365
4411
4943
4951
4998
5087
5153
5215
5255
5315
5590
5620
5652
5768
5875
5903
5909
5926
6157
6167
6444
6772
6784
6880
6890
6963
7021
7054
7223
7328
7500
7506
7508
7564
7874
8066
8204
8246
8427
8691
8805
8846
8915
8975
9028
9110
9152
9159
9264
9344
9437
9496
9572
9603
9688
9738
9882
9910
9943
18
117
198
279
292
299
360
482
509
1086
1169
1367
1367
1392
1411
1672
1709
1854
1894
2098
2273
2360
2463
2572
2627
2650
2764
2768
3022
3070
3125
3137
3174
3327
3423
3468
3751
3835
3941
4261
4358
4657
4790
4798
4800
4836
4895
4970
5057
5088
5191
5212
5222
5265
5272
5472
5507
5543
5599
5624
5782
5862
5943
6296
6371
6426
6469
6475
6702
6777
6943
7008
7082
7117
7161
7358
7415
7422
7683
7804
7824
7878
7900
7993
8190
8199
8210
8413
8654
8731
9060
9192
9287
9358
9458
9458
9527
9532
9539
9576
64
156
156
159
262
454
612
669
720
756
944
947
1005
1396
1411
1430
1503
1564
1578
1610
1861
1906
1908
2006
2077
2279
2435
2549
2603
2613
2765
2870
2877
3199
3297
3313
3339
3400
3492
3543
3762
3870
4000
4176
4337
4437
4491
4553
4621
4641
4655
4702
4761
4773
4999
5040
5219
5329
5471
5517
5521
5546
5576
5634
5946
6107
6155
6203
6350
6509
6545
6567
6612
6688
6735
6875
7137
7184
7274
7295
7370
7402
7583
7599
7801
7853
7909
7911
7925
8221
8458
8498
8726
8745
9255
9513
9589
9650
9660
9662
88
157
204
411
568
791
997
1347
1436
1471
1499
1680
1718
1722
1776
1813
1850
1857
1938
2100
2145
2167
2204
2244
2288
2650
2825
2841
2889
2914
3106
3151
3235
3317
3367
3404
3655
3929
3938
4019
4245
4254
4287
4319
4336
4388
4452
4802
4894
4933
4934
4945
5452
5543
5544
5687
5701
5741
5776
5797
5808
5847
5861
5948
6036
6144
6185
6290
6613
6721
6797
6820
6834
7197
7234
7235
7279
7384
7405
7527
7650
7695
7702
7827
8012
8179
8207
8208
8601
8611
8907
8953
9144
9148
9559
9651
9665
9672
9828
9868
